0014.4F01.0000.0369;0;0;-0.3548387096774194;-0.016129032258064516;1.010752688172043;1.0713503872282535;true;
0014.4F01.0000.0369;8;1;-0.3978494623655914;-0.03225806451612903;0.9946236559139785;1.0717280412187624;true;
0014.4F01.0000.0369;17;2;-0.4731182795698925;-0.03763440860215054;0.967741935483871;1.0778597816358477;true;
0014.4F01.0000.0369;27;3;-0.5645161290322581;-0.06451612903225806;0.9516129032258065;1.108335647910289;true;
0014.4F01.0000.0369;37;4;-0.6451612903225806;-0.06989247311827956;0.9354838709677419;1.1385289285609204;true;
0014.4F01.0000.0369;47;5;-0.7473118279569892;-0.0913978494623656;0.9139784946236559;1.1841390221275905;true;
0014.4F01.0000.0369;57;6;-0.8602150537634409;-0.053763440860215055;0.9032258064516129;1.2484699851155956;true;
0014.4F01.0000.0369;67;7;-0.9193548387096774;-0.010752688172043012;0.8924731182795699;1.2813419553786105;true;
0014.4F01.0000.0369;79;8;-1.043010752688172;0.016129032258064516;0.9838709677419355;1.4339224724754758;true;
0014.4F01.0000.0369;88;9;-1.10752688172043;0.005376344086021506;1.0591397849462365;1.5324561275498465;true;
0014.4F01.0000.0369;97;10;-1.1236559139784945;0.021505376344086023;1.096774193548387;1.5703435056904784;true;
0014.4F01.0000.0369;107;11;-1.0913978494623655;0.0913978494623656;1.053763440860215;1.519842170092336;true;
0014.4F01.0000.0369;117;12;-1.0698924731182795;0.12365591397849462;1.0053763440860215;1.4733439117683216;true;
0014.4F01.0000.0369;127;13;-0.956989247311828;0.13978494623655913;1.010752688172043;1.3989243179356874;true;
0014.4F01.0000.0369;137;14;-0.8763440860215054;0.12365591397849462;1.064516129032258;1.3843642335514694;true;
0014.4F01.0000.0369;147;15;-0.7956989247311828;0.13978494623655913;1.118279569892473;1.379574501957619;true;
0014.4F01.0000.0369;161;16;-0.532258064516129;0.17204301075268819;1.1612903225806452;1.288989006202444;true;
0014.4F01.0000.0369;168;17;-0.3978494623655914;0.20967741935483872;1.1505376344086022;1.2353079223749994;true;
0014.4F01.0000.0369;178;18;-0.25806451612903225;0.22580645161290322;1.1236559139784945;1.174814224077053;true;
0014.4F01.0000.0369;187;19;-0.16129032258064516;0.24731182795698925;1.075268817204301;1.1150698353276052;true;
0014.4F01.0000.0369;197;20;-0.05913978494623656;0.26881720430107525;1.032258064516129;1.0683243492733459;true;
0014.4F01.0000.0369;207;21;0.03225806451612903;0.27419354838709675;0.9946236559139785;1.0322300623442053;true;
0014.4F01.0000.0369;217;22;0.1989247311827957;0.2956989247311828;1.0053763440860215;1.0666726283218764;true;
0014.4F01.0000.0369;227;23;0.3010752688172043;0.25806451612903225;1.032258064516129;1.1058030221232207;true;
0014.4F01.0000.0369;240;24;0.3548387096774194;0.27419354838709675;1.1021505376344085;1.1898858850622855;true;
0014.4F01.0000.0369;248;25;0.3602150537634409;0.25268817204301075;1.1290322580645162;1.2117425621799778;true;
0014.4F01.0000.0369;257;26;0.3548387096774194;0.25806451612903225;1.1559139784946237;1.2363838117873094;true;
0014.4F01.0000.0369;267;27;0.34946236559139787;0.26344086021505375;1.1290322580645162;1.2108835086604506;true;
0014.4F01.0000.0369;277;28;0.3064516129032258;0.25806451612903225;1.1129032258064515;1.1828201365999422;true;
0014.4F01.0000.0369;287;29;0.27956989247311825;0.27956989247311825;1.0591397849462365;1.1305289618629069;true;
0014.4F01.0000.0369;297;30;0.2903225806451613;0.2956989247311828;1.0376344086021505;1.1173227916921673;true;
0014.4F01.0000.0369;307;31;0.24731182795698925;0.2903225806451613;1.0376344086021505;1.1055023776523631;true;
0014.4F01.0000.0369;319;32;0.20430107526881722;0.2903225806451613;1.053763440860215;1.1119548189931194;true;
0014.4F01.0000.0369;328;33;0.14516129032258066;0.27419354838709675;1.0483870967741935;1.0933295051666017;true;
0014.4F01.0000.0369;337;34;0.04838709677419355;0.25268817204301075;1.032258064516129;1.0638370811281481;true;
0014.4F01.0000.0369;347;35;-0.04838709677419355;0.23655913978494625;1.0161290322580645;1.0444231651719238;true;
0014.4F01.0000.0369;357;36;-0.10752688172043011;0.22580645161290322;0.978494623655914;1.0099516386471477;true;
0014.4F01.0000.0369;367;37;-0.0913978494623656;0.1989247311827957;0.967741935483871;0.9921940683437699;true;
0014.4F01.0000.0369;377;38;-0.021505376344086023;0.1774193548387097;0.9516129032258065;0.9682495681738944;true;
0014.4F01.0000.0369;387;39;0.053763440860215055;0.16129032258064516;0.9354838709677419;0.9508076296349799;true;
0014.4F01.0000.0369;401;40;0.016129032258064516;0.11827956989247312;0.9193548387096774;0.9270725547628011;true;
0014.4F01.0000.0369;408;41;-0.03225806451612903;0.10215053763440861;0.9032258064516129;0.9095560304376481;true;
0014.4F01.0000.0369;417;42;-0.10215053763440861;0.0913978494623656;0.8924731182795699;0.9029377420824777;true;
0014.4F01.0000.0369;427;43;-0.1827956989247312;0.08602150537634409;0.8870967741935484;0.9098102295078863;true;
0014.4F01.0000.0369;437;44;-0.20967741935483872;0.11290322580645161;0.8655913978494624;0.8977528761389705;true;
0014.4F01.0000.0369;447;45;-0.26344086021505375;0.11827956989247312;0.8870967741935484;0.932915768046288;true;
0014.4F01.0000.0369;457;46;-0.3225806451612903;0.11827956989247312;0.9139784946236559;0.9764246094405583;true;
0014.4F01.0000.0369;467;47;-0.34946236559139787;0.11827956989247312;0.9354838709677419;1.005606321807632;true;
0014.4F01.0000.0369;479;48;-0.3279569892473118;0.13440860215053763;0.9301075268817204;0.9953499237405171;true;
0014.4F01.0000.0369;488;49;-0.3225806451612903;0.14516129032258066;0.8924731182795699;0.9600199683821425;true;
0014.4F01.0000.0369;497;50;-0.34946236559139787;0.13978494623655913;0.8548387096774194;0.9340305111301498;true;
0014.4F01.0000.0369;507;51;-0.3763440860215054;0.13978494623655913;0.7580645161290323;0.8578091354675956;true;
0014.4F01.0000.0369;517;52;-0.3817204301075269;0.13978494623655913;0.6505376344086021;0.7671046419738139;true;
0014.4F01.0000.0369;527;53;-0.3655913978494624;0.16129032258064516;0.5376344086021505;0.6698674463300008;true;
0014.4F01.0000.0369;537;54;-0.3225806451612903;0.14516129032258066;0.41397849462365593;0.5445257265287464;true;
0014.4F01.0000.0369;547;55;-0.17204301075268819;0.07526881720430108;0.2849462365591398;0.34126023811953443;true;
0014.4F01.0000.0369;560;56;-0.08602150537634409;0.03763440860215054;0.15053763440860216;0.1774193548387097;true;
0014.4F01.0000.0369;568;57;-0.021505376344086023;0.05913978494623656;0.06451612903225806;0.09012394953892587;true;
0014.4F01.0000.0369;578;58;0.005376344086021506;0.010752688172043012;-0.11827956989247312;0.11888894831987087;true;
0014.4F01.0000.0369;587;59;-0.06989247311827956;-0.016129032258064516;-0.1935483870967742;0.20641240667153188;true;
0014.4F01.0000.0369;597;60;-0.34946236559139787;-0.010752688172043012;-0.05913978494623656;0.35459424619013225;true;
0014.4F01.0000.0369;607;61;-0.40860215053763443;0.005376344086021506;0.25268817204301075;0.48045388414513746;true;
0014.4F01.0000.0369;617;62;-0.3870967741935484;0.13978494623655913;0.6666666666666666;0.7834718809439514;true;
0014.4F01.0000.0369;627;63;-0.1774193548387097;0.25806451612903225;0.978494623655914;1.02738826666447;true;
0014.4F01.0000.0369;639;64;0.03763440860215054;0.3387096774193548;1.1666666666666667;1.2154224390718926;true;
0014.4F01.0000.0369;648;65;-0.06989247311827956;0.3333333333333333;1.2688172043010753;1.313732532458604;true;
0014.4F01.0000.0369;657;66;-0.3279569892473118;0.3279569892473118;1.3172043010752688;1.3964736819444576;true;
0014.4F01.0000.0369;667;67;-0.6344086021505376;0.3602150537634409;1.4623655913978495;1.6342405827615405;true;
0014.4F01.0000.0369;677;68;-0.7258064516129032;0.4032258064516129;1.6774193548387097;1.8716628297262787;true;
0014.4F01.0000.0369;687;69;-0.7795698924731183;0.3763440860215054;1.8064516129032258;2.003155390401498;true;
0014.4F01.0000.0369;697;70;-0.7741935483870968;0.3655913978494624;1.967741935483871;2.1459359368833772;true;
0014.4F01.0000.0369;707;71;-0.6935483870967742;0.3333333333333333;2.0376344086021505;2.1780896353169408;true;
0014.4F01.0000.0369;719;72;-0.5752688172043011;0.2849462365591398;2.032258064516129;2.1312440992452495;true;
0014.4F01.0000.0369;728;73;-0.45698924731182794;0.20967741935483872;1.946236559139785;2.010134457313293;true;
0014.4F01.0000.0369;738;74;-0.34946236559139787;0.13440860215053763;1.7526881720430108;1.7922347630029576;true;
0014.4F01.0000.0369;747;75;-0.2849462365591398;0.06451612903225806;1.5376344086021505;1.5651441668906443;true;
0014.4F01.0000.0369;757;76;-0.3064516129032258;0.016129032258064516;1.3978494623655915;1.4311379584681356;true;
0014.4F01.0000.0369;767;77;-0.21505376344086022;0.0;1.3010752688172043;1.3187285453412456;true;
0014.4F01.0000.0369;777;78;-0.1774193548387097;0.026881720430107527;1.2526881720430108;1.2654753694723284;true;
0014.4F01.0000.0369;787;79;-0.16129032258064516;0.043010752688172046;1.2204301075268817;1.2317930590659487;true;
0014.4F01.0000.0369;799;80;-0.12365591397849462;0.053763440860215055;1.1827956989247312;1.1904566174497204;true;
0014.4F01.0000.0369;808;81;-0.14516129032258066;0.08064516129032258;1.1720430107526882;1.1837483944242055;true;
0014.4F01.0000.0369;818;82;-0.1774193548387097;0.0913978494623656;1.1397849462365592;1.1571261461159736;true;
0014.4F01.0000.0369;827;83;-0.23655913978494625;0.11290322580645161;1.1236559139784945;1.153824067192283;true;
0014.4F01.0000.0369;837;84;-0.25806451612903225;0.13978494623655913;1.1290322580645162;1.1665551703325179;true;
0014.4F01.0000.0369;847;85;-0.26344086021505375;0.16666666666666666;1.086021505376344;1.1298767962696312;true;
0014.4F01.0000.0369;857;86;-0.3172043010752688;0.1774193548387097;1.021505376344086;1.084236796088339;true;
0014.4F01.0000.0369;867;87;-0.34408602150537637;0.1774193548387097;0.978494623655914;1.0522948950699662;true;
0014.4F01.0000.0369;879;88;-0.3709677419354839;0.16666666666666666;0.9139784946236559;1.000375695410986;true;
0014.4F01.0000.0369;888;89;-0.3763440860215054;0.16666666666666666;0.9032258064516129;0.9925872789338509;true;
0014.4F01.0000.0369;897;90;-0.3709677419354839;0.16129032258064516;0.8978494623655914;0.9847666174201184;true;
0014.4F01.0000.0369;907;91;-0.34408602150537637;0.16666666666666666;0.8817204301075269;0.9610431232999789;true;
0014.4F01.0000.0369;917;92;-0.3602150537634409;0.16129032258064516;0.8870967741935484;0.9709326134704543;true;
0014.4F01.0000.0369;927;93;-0.3763440860215054;0.17204301075268819;0.8978494623655914;0.9886188981110938;true;
0014.4F01.0000.0369;937;94;-0.3655913978494624;0.1935483870967742;0.8924731182795699;0.9836799861646803;true;
0014.4F01.0000.0369;947;95;-0.3602150537634409;0.1989247311827957;0.9139784946236559;1.0023385766638289;true;
0014.4F01.0000.0369;963;96;-0.3333333333333333;0.20967741935483872;0.9032258064516129;0.9853388192589301;true;
0014.4F01.0000.0369;968;97;-0.3333333333333333;0.1935483870967742;0.8924731182795699;0.9721524346060822;true;
0014.4F01.0000.0369;977;98;-0.3118279569892473;0.1827956989247312;0.8978494623655914;0.967876334753387;true;
0014.4F01.0000.0369;987;99;-0.27419354838709675;0.1827956989247312;0.8924731182795699;0.9513698735897345;true;
0014.4F01.0000.0369;997;100;-0.27956989247311825;0.1935483870967742;0.9193548387096774;0.98022121094378;true;
0014.4F01.0000.0369;1007;101;-0.2849462365591398;0.1989247311827957;0.9623655913978495;1.023187635730562;true;
0014.4F01.0000.0369;1017;102;-0.27419354838709675;0.1881720430107527;0.9838709677419355;1.0385532730261846;true;
0014.4F01.0000.0369;1027;103;-0.3010752688172043;0.22580645161290322;0.978494623655914;1.0483733111859015;true;
0014.4F01.0000.0369;1041;104;-0.3279569892473118;0.22043010752688172;1.0376344086021505;1.1103289535158527;true;
0014.4F01.0000.0369;1048;105;-0.3225806451612903;0.23118279569892472;1.0806451612903225;1.1512157583528955;true;
0014.4F01.0000.0369;1058;106;-0.3172043010752688;0.23655913978494625;1.1344086021505377;1.2014414974810803;true;
0014.4F01.0000.0369;1067;107;-0.3064516129032258;0.24731182795698925;1.1612903225806452;1.2262426124620995;true;
0014.4F01.0000.0369;1077;108;-0.3172043010752688;0.24193548387096775;1.118279569892473;1.1873081080391152;true;
0014.4F01.0000.0369;1087;109;-0.3279569892473118;0.22043010752688172;1.0698924731182795;1.1405328242254242;true;
0014.4F01.0000.0369;1097;110;-0.3387096774193548;0.20430107526881722;1.0;1.0753897781425665;true;
0014.4F01.0000.0369;1107;111;-0.3387096774193548;0.1827956989247312;0.9408602150537635;1.0165414194187654;true;
0014.4F01.0000.0369;1121;112;-0.3655913978494624;0.16666666666666666;0.9193548387096774;1.003318577231678;true;
0014.4F01.0000.0369;1128;113;-0.3548387096774194;0.16129032258064516;0.9408602150537635;1.0184021908434402;true;
0014.4F01.0000.0369;1137;114;-0.34408602150537637;0.17204301075268819;0.989247311827957;1.0614161444518766;true;
0014.4F01.0000.0369;1147;115;-0.34408602150537637;0.1827956989247312;1.021505376344086;1.0932898479546274;true;
0014.4F01.0000.0369;1157;116;-0.34408602150537637;0.1881720430107527;1.0268817204301075;1.0992224414192682;true;
0014.4F01.0000.0369;1167;117;-0.34408602150537637;0.20430107526881722;1.010752688172043;1.08708560665589;true;
0014.4F01.0000.0369;1177;118;-0.3548387096774194;0.1989247311827957;0.9946236559139785;1.0745965640487465;true;
0014.4F01.0000.0369;1187;119;-0.3548387096774194;0.21505376344086022;0.967741935483871;1.0529402094846991;true;
0014.4F01.0000.0369;1199;120;-0.3387096774193548;0.20430107526881722;0.9516129032258065;1.0305485396231302;true;
0014.4F01.0000.0369;1208;121;-0.34408602150537637;0.20430107526881722;0.9516129032258065;1.0323280666228354;true;
0014.4F01.0000.0369;1218;122;-0.3225806451612903;0.1989247311827957;0.967741935483871;1.039304466940699;true;
0014.4F01.0000.0369;1227;123;-0.3225806451612903;0.1935483870967742;0.9623655913978495;1.033279624441985;true;
0014.4F01.0000.0369;1237;124;-0.3333333333333333;0.1881720430107527;0.9731182795698925;1.045695469491486;true;
0014.4F01.0000.0369;1247;125;-0.3333333333333333;0.1989247311827957;0.978494623655914;1.052679385335719;true;
0014.4F01.0000.0369;1257;126;-0.3387096774193548;0.1989247311827957;1.0;1.0743813542004863;true;
0014.4F01.0000.0369;1267;127;-0.3279569892473118;0.20967741935483872;1.010752688172043;1.083116523570053;true;
0014.4F01.0000.0369;1281;128;-0.3225806451612903;0.21505376344086022;0.9946236559139785;1.0675123468636978;true;
0014.4F01.0000.0369;1288;129;-0.3010752688172043;0.21505376344086022;0.978494623655914;1.0461100167702049;true;
0014.4F01.0000.0369;1297;130;-0.2903225806451613;0.20967741935483872;0.978494623655914;1.0419709926592486;true;
0014.4F01.0000.0369;1307;131;-0.27956989247311825;0.20967741935483872;0.9731182795698925;1.0339647629381783;true;
0014.4F01.0000.0369;1317;132;-0.2903225806451613;0.21505376344086022;0.978494623655914;1.0430661774432495;true;
0014.4F01.0000.0369;1327;133;-0.3010752688172043;0.20967741935483872;1.0;1.0651811759886938;true;
0014.4F01.0000.0369;1337;134;-0.3064516129032258;0.22043010752688172;0.9946236559139785;1.063850666333856;true;
0014.4F01.0000.0369;1347;135;-0.3118279569892473;0.20967741935483872;1.0;1.068270234981483;true;
0014.4F01.0000.0369;1361;136;-0.3118279569892473;0.20430107526881722;1.0053763440860215;1.0722673161874594;true;
0014.4F01.0000.0369;1368;137;-0.3064516129032258;0.20967741935483872;1.0053763440860215;1.071755011411688;true;
0014.4F01.0000.0369;1377;138;-0.3064516129032258;0.21505376344086022;0.9946236559139785;1.062749702011134;true;
0014.4F01.0000.0369;1387;139;-0.3172043010752688;0.20967741935483872;0.9946236559139785;1.0648283456556005;true;
0014.4F01.0000.0369;1397;140;-0.3172043010752688;0.20430107526881722;0.989247311827957;1.05875764079202;true;
0014.4F01.0000.0369;1407;141;-0.3172043010752688;0.20430107526881722;0.9838709677419355;1.0537360101762194;true;
0014.4F01.0000.0369;1417;142;-0.3172043010752688;0.20430107526881722;0.9946236559139785;1.0637827385703966;true;
0014.4F01.0000.0369;1427;143;-0.3010752688172043;0.21505376344086022;0.9838709677419355;1.0511405804310296;true;
0014.4F01.0000.0369;1441;144;-0.3010752688172043;0.21505376344086022;0.9946236559139785;1.0612118806190955;true;
0014.4F01.0000.0369;1448;145;-0.3010752688172043;0.22043010752688172;1.0;1.0673498722526107;true;
0014.4F01.0000.0369;1457;146;-0.2956989247311828;0.22580645161290322;1.0;1.066970668611461;true;
0014.4F01.0000.0369;1467;147;-0.3010752688172043;0.22580645161290322;1.010752688172043;1.0785434009488786;true;
0014.4F01.0000.0369;1477;148;-0.3064516129032258;0.22580645161290322;1.0053763440860215;1.0750268544965624;true;
0014.4F01.0000.0369;1487;149;-0.3225806451612903;0.22043010752688172;1.0053763440860215;1.0786237982655311;true;
0014.4F01.0000.0369;1497;150;-0.3333333333333333;0.20967741935483872;1.0;1.0747444958214096;true;
0014.4F01.0000.0369;1507;151;-0.34408602150537637;0.20430107526881722;0.989247311827957;1.0671196575409116;true;
0014.4F01.0000.0369;1521;152;-0.3387096774193548;0.20430107526881722;0.9838709677419355;1.0604080611250422;true;
0014.4F01.0000.0369;1528;153;-0.3387096774193548;0.1989247311827957;0.989247311827957;1.0643803541086758;true;
0014.4F01.0000.0369;1537;154;-0.3225806451612903;0.20430107526881722;0.967741935483871;1.0403468919945587;true;
0014.4F01.0000.0369;1547;155;-0.3279569892473118;0.20967741935483872;0.9731182795698925;1.04808377194599;true;
0014.4F01.0000.0369;1557;156;-0.3387096774193548;0.20967741935483872;0.9731182795698925;1.0514980037060915;true;
0014.4F01.0000.0369;1567;157;-0.3387096774193548;0.20430107526881722;0.978494623655914;1.0554216709244921;true;
0014.4F01.0000.0369;1577;158;-0.3387096774193548;0.20967741935483872;0.978494623655914;1.0564755530954595;true;
0014.4F01.0000.0369;1587;159;-0.3225806451612903;0.20967741935483872;0.989247311827957;1.0614297606430765;true;
0014.4F01.0000.0369;1602;160;-0.3172043010752688;0.20967741935483872;0.989247311827957;1.0598082056517555;true;
0014.4F01.0000.0369;1608;161;-0.3172043010752688;0.20430107526881722;0.989247311827957;1.05875764079202;true;
0014.4F01.0000.0369;1618;162;-0.3172043010752688;0.20967741935483872;0.989247311827957;1.0598082056517555;true;
0014.4F01.0000.0369;1627;163;-0.3225806451612903;0.20967741935483872;0.978494623655914;1.0514155321962426;true;
0014.4F01.0000.0369;1637;164;-0.3225806451612903;0.20967741935483872;0.978494623655914;1.0514155321962426;true;
0014.4F01.0000.0369;1647;165;-0.3387096774193548;0.20967741935483872;0.978494623655914;1.0564755530954595;true;
0014.4F01.0000.0369;1657;166;-0.34946236559139787;0.1989247311827957;0.9838709677419355;1.06287208769745;true;
