0014.4F01.0000.0369;0;0;-0.41397849462365593;0.12365591397849462;0.9623655913978495;1.0549011852203303;true;
0014.4F01.0000.0369;9;1;-0.3978494623655914;0.13440860215053763;0.978494623655914;1.0648012000181915;true;
0014.4F01.0000.0369;19;2;-0.3817204301075269;0.13440860215053763;0.989247311827957;1.0688247765898655;true;
0014.4F01.0000.0369;29;3;-0.3709677419354839;0.14516129032258066;1.0053763440860215;1.0814205745280614;true;
0014.4F01.0000.0369;39;4;-0.3548387096774194;0.13978494623655913;1.0161290322580645;1.0853425962697698;true;
0014.4F01.0000.0369;49;5;-0.3548387096774194;0.11290322580645161;1.0161290322580645;1.0822087869171777;true;
0014.4F01.0000.0369;59;6;-0.3602150537634409;0.10752688172043011;1.0161290322580645;1.0834367196324983;true;
0014.4F01.0000.0369;69;7;-0.3763440860215054;0.0913978494623656;1.0161290322580645;1.0874312153729164;true;
0014.4F01.0000.0369;80;8;-0.3763440860215054;0.06451612903225806;1.021505376344086;1.0905367650329547;true;
0014.4F01.0000.0369;89;9;-0.3602150537634409;0.03225806451612903;1.0268817204301075;1.0887063586833794;true;
0014.4F01.0000.0369;99;10;-0.34946236559139787;-0.016129032258064516;1.0376344086021505;1.0950202082890763;true;
0014.4F01.0000.0369;109;11;-0.3548387096774194;-0.03225806451612903;1.053763440860215;1.1123706585061575;true;
0014.4F01.0000.0369;119;12;-0.3387096774193548;-0.03763440860215054;1.0913978494623655;1.143367771147776;true;
0014.4F01.0000.0369;129;13;-0.3225806451612903;-0.053763440860215055;1.1236559139784945;1.1702783400647259;true;
0014.4F01.0000.0369;139;14;-0.3010752688172043;-0.0913978494623656;1.1451612903225807;1.187600212711742;true;
0014.4F01.0000.0369;149;15;-0.27956989247311825;-0.12365591397849462;1.1505376344086022;1.1904566174497204;true;
0014.4F01.0000.0369;162;16;-0.25806451612903225;-0.1881720430107527;1.1505376344086022;1.1940447480920866;true;
0014.4F01.0000.0369;169;17;-0.24193548387096775;-0.22580645161290322;1.1397849462365592;1.1868576391519607;true;
0014.4F01.0000.0369;179;18;-0.21505376344086022;-0.27956989247311825;1.096774193548387;1.152094213847645;true;
0014.4F01.0000.0369;189;19;-0.16666666666666666;-0.3172043010752688;1.032258064516129;1.092681590472271;true;
0014.4F01.0000.0369;199;20;-0.13440860215053763;-0.3118279569892473;0.956989247311828;1.015446092396149;true;
0014.4F01.0000.0369;209;21;-0.16129032258064516;-0.27419354838709675;0.9086021505376344;0.9626809118793671;true;
0014.4F01.0000.0369;219;22;-0.1989247311827957;-0.16129032258064516;0.8978494623655914;0.9336590779853734;true;
0014.4F01.0000.0369;229;23;-0.22580645161290322;-0.0967741935483871;0.8817204301075269;0.9153058040873298;true;
0014.4F01.0000.0369;240;24;-0.24731182795698925;0.010752688172043012;0.9301075268817204;0.9624857256668188;true;
0014.4F01.0000.0369;249;25;-0.27956989247311825;0.08064516129032258;0.9516129032258065;0.9951030521522991;true;
0014.4F01.0000.0369;259;26;-0.27956989247311825;0.11827956989247312;0.946236559139785;0.9937368903709266;true;
0014.4F01.0000.0369;269;27;-0.3010752688172043;0.14516129032258066;0.946236559139785;1.0035346249901735;true;
0014.4F01.0000.0369;279;28;-0.40860215053763443;0.1989247311827957;0.9516129032258065;1.0545586203175124;true;
0014.4F01.0000.0369;289;29;-0.5161290322580645;0.34946236559139787;0.9731182795698925;1.155626370821231;true;
0014.4F01.0000.0369;299;30;-0.5752688172043011;0.44623655913978494;1.064516129032258;1.2896727754474673;true;
0014.4F01.0000.0369;309;31;-0.5645161290322581;0.5591397849462365;1.2204301075268817;1.4562847957749765;true;
0014.4F01.0000.0369;320;32;-0.6397849462365591;0.6182795698924731;1.2365591397849462;1.5233754987405517;true;
0014.4F01.0000.0369;329;33;-0.45698924731182794;0.7956989247311828;1.0698924731182795;1.4094842514239525;true;
0014.4F01.0000.0369;339;34;-0.11827956989247312;0.23118279569892472;1.2204301075268817;1.247752054311751;true;
0014.4F01.0000.0369;349;35;-0.23118279569892472;0.3279569892473118;0.9731182795698925;1.0525970063877248;true;
0014.4F01.0000.0369;359;36;-0.3709677419354839;0.3279569892473118;1.0161290322580645;1.130349973481923;true;
0014.4F01.0000.0369;369;37;-0.3279569892473118;0.3763440860215054;0.9247311827956989;1.0508655567265757;true;
0014.4F01.0000.0369;379;38;-0.44623655913978494;0.34408602150537637;1.1344086021505377;1.266651149109908;true;
0014.4F01.0000.0369;389;39;-0.2956989247311828;0.42473118279569894;1.1505376344086022;1.2615749204533013;true;
0014.4F01.0000.0369;400;40;-0.3118279569892473;0.510752688172043;1.2473118279569892;1.3834347759820345;true;
0014.4F01.0000.0369;409;41;-0.3387096774193548;0.532258064516129;1.1827956989247312;1.3405329381312578;true;
0014.4F01.0000.0369;419;42;-0.40860215053763443;0.478494623655914;0.9354838709677419;1.1274053818979157;true;
0014.4F01.0000.0369;429;43;-0.40860215053763443;0.3709677419354839;0.7741935483870968;0.9507620277150826;true;
0014.4F01.0000.0369;439;44;-0.41397849462365593;0.27956989247311825;0.7526881720430108;0.9033698041897062;true;
0014.4F01.0000.0369;449;45;-0.26881720430107525;0.24193548387096775;0.8064516129032258;0.8838323775684729;true;
0014.4F01.0000.0369;459;46;-0.2849462365591398;0.26881720430107525;0.8010752688172043;0.8917278919984613;true;
0014.4F01.0000.0369;469;47;-0.3387096774193548;0.25806451612903225;0.7741935483870968;0.8835707048259572;true;
0014.4F01.0000.0369;482;48;-0.3279569892473118;0.25806451612903225;0.8172043010752689;0.9175924754361228;true;
0014.4F01.0000.0369;489;49;-0.2849462365591398;0.22043010752688172;0.8118279569892473;0.8881713921213996;true;
0014.4F01.0000.0369;499;50;-0.25806451612903225;0.1989247311827957;0.7956989247311828;0.8598285421986289;true;
0014.4F01.0000.0369;509;51;-0.3172043010752688;0.1881720430107527;0.8172043010752689;0.8965769103024062;true;
0014.4F01.0000.0369;519;52;-0.34946236559139787;0.1881720430107527;0.8655913978494624;0.9522505609169062;true;
0014.4F01.0000.0369;529;53;-0.3817204301075269;0.1774193548387097;0.8978494623655914;0.9916258222248152;true;
0014.4F01.0000.0369;539;54;-0.3870967741935484;0.20967741935483872;0.9247311827956989;1.0241759093110363;true;
0014.4F01.0000.0369;549;55;-0.34946236559139787;0.22043010752688172;0.956989247311828;1.0423731561871246;true;
0014.4F01.0000.0369;561;56;-0.3172043010752688;0.20430107526881722;0.956989247311828;1.0286816404734285;true;
0014.4F01.0000.0369;569;57;-0.3064516129032258;0.1881720430107527;0.9408602150537635;1.0072433931740845;true;
0014.4F01.0000.0369;579;58;-0.3279569892473118;0.16666666666666666;0.9408602150537635;1.0102234945025548;true;
0014.4F01.0000.0369;583;59;0.0;0.0;0.0;0.0;true;
0014.4F01.0000.0369;584;60;0.0;0.0;0.0;0.0;true;
0014.4F01.0000.0369;585;61;0.0;0.0;0.0;0.0;true;
0014.4F01.0000.0369;586;62;0.0;0.0;0.0;0.0;true;
