0014.4F01.0000.0369;0;0;-0.25806451612903225;0.15053763440860216;0.9946236559139785;1.03852544059447;true;
0014.4F01.0000.0369;9;1;-0.25806451612903225;0.15053763440860216;0.989247311827957;1.0333775291814162;true;
0014.4F01.0000.0369;19;2;-0.25268817204301075;0.15053763440860216;0.989247311827957;1.0320480297072494;true;
0014.4F01.0000.0369;29;3;-0.24193548387096775;0.15053763440860216;0.9946236559139785;1.0346354791098678;true;
0014.4F01.0000.0369;39;4;-0.24193548387096775;0.15053763440860216;0.9838709677419355;1.0243029038788625;true;
0014.4F01.0000.0369;49;5;-0.24193548387096775;0.15053763440860216;0.989247311827957;1.029468115916203;true;
0014.4F01.0000.0369;59;6;-0.24193548387096775;0.15053763440860216;0.989247311827957;1.029468115916203;true;
0014.4F01.0000.0369;69;7;-0.24731182795698925;0.15053763440860216;0.989247311827957;1.0307448586239005;true;
0014.4F01.0000.0369;82;8;-0.24731182795698925;0.15053763440860216;0.9946236559139785;1.0359058531181555;true;
0014.4F01.0000.0369;89;9;-0.24193548387096775;0.15591397849462366;1.010752688172043;1.0509343194000813;true;
0014.4F01.0000.0369;99;10;-0.24731182795698925;0.16129032258064516;1.010752688172043;1.0529951115995777;true;
0014.4F01.0000.0369;109;11;-0.25268817204301075;0.15053763440860216;1.0053763440860215;1.0475182503954528;true;
0014.4F01.0000.0369;119;12;-0.25268817204301075;0.15591397849462366;1.0053763440860215;1.0483043805251577;true;
0014.4F01.0000.0369;129;13;-0.25268817204301075;0.15591397849462366;1.010752688172043;1.0534616640521246;true;
0014.4F01.0000.0369;139;14;-0.25806451612903225;0.15591397849462366;1.0161290322580645;1.0599172955342526;true;
0014.4F01.0000.0369;149;15;-0.26344086021505375;0.14516129032258066;1.010752688172043;1.0545586203175124;true;
0014.4F01.0000.0369;160;16;-0.25806451612903225;0.15053763440860216;1.0;1.0436756554879727;true;
0014.4F01.0000.0369;169;17;-0.26344086021505375;0.14516129032258066;0.989247311827957;1.0339647629381783;true;
0014.4F01.0000.0369;179;18;-0.26344086021505375;0.14516129032258066;0.9946236559139785;1.0391097651079275;true;
0014.4F01.0000.0369;189;19;-0.25806451612903225;0.15053763440860216;0.9946236559139785;1.03852544059447;true;
0014.4F01.0000.0369;199;20;-0.26344086021505375;0.14516129032258066;1.0;1.0442570981511037;true;
0014.4F01.0000.0369;209;21;-0.25806451612903225;0.14516129032258066;1.010752688172043;1.0532284136596577;true;
0014.4F01.0000.0369;219;22;-0.26344086021505375;0.15053763440860216;1.0161290322580645;1.060462576615458;true;
0014.4F01.0000.0369;229;23;-0.25268817204301075;0.15053763440860216;1.0053763440860215;1.0475182503954528;true;
0014.4F01.0000.0369;240;24;-0.25806451612903225;0.15053763440860216;0.989247311827957;1.0333775291814162;true;
0014.4F01.0000.0369;249;25;-0.25806451612903225;0.14516129032258066;0.989247311827957;1.0326080275941434;true;
0014.4F01.0000.0369;259;26;-0.25806451612903225;0.15053763440860216;0.989247311827957;1.0333775291814162;true;
0014.4F01.0000.0369;269;27;-0.25806451612903225;0.15053763440860216;0.989247311827957;1.0333775291814162;true;
0014.4F01.0000.0369;279;28;-0.26344086021505375;0.14516129032258066;1.0;1.0442570981511037;true;
0014.4F01.0000.0369;289;29;-0.25268817204301075;0.15591397849462366;1.0053763440860215;1.0483043805251577;true;
0014.4F01.0000.0369;299;30;-0.25806451612903225;0.15053763440860216;1.0161290322580645;1.0591397849462365;true;
0014.4F01.0000.0369;309;31;-0.25806451612903225;0.15591397849462366;1.010752688172043;1.054764172610136;true;
0014.4F01.0000.0369;321;32;-0.25268817204301075;0.15053763440860216;0.9946236559139785;1.037202539799949;true;
0014.4F01.0000.0369;329;33;-0.25806451612903225;0.14516129032258066;1.0;1.042913752279175;true;
0014.4F01.0000.0369;339;34;-0.24731182795698925;0.14516129032258066;0.989247311827957;1.0299733901486887;true;
0014.4F01.0000.0369;349;35;-0.25268817204301075;0.14516129032258066;0.989247311827957;1.0312775360965611;true;
0014.4F01.0000.0369;359;36;-0.25806451612903225;0.15053763440860216;1.0053763440860215;1.04882813992857;true;
0014.4F01.0000.0369;369;37;-0.25806451612903225;0.15053763440860216;1.0161290322580645;1.0591397849462365;true;
0014.4F01.0000.0369;379;38;-0.25806451612903225;0.15053763440860216;1.010752688172043;1.0539828606316426;true;
0014.4F01.0000.0369;389;39;-0.25268817204301075;0.14516129032258066;1.0053763440860215;1.0467591440949198;true;
0014.4F01.0000.0369;400;40;-0.25268817204301075;0.15053763440860216;1.0;1.0423592910622403;true;
0014.4F01.0000.0369;409;41;-0.26344086021505375;0.15053763440860216;0.989247311827957;1.0347332555605935;true;
0014.4F01.0000.0369;419;42;-0.25268817204301075;0.15053763440860216;0.9946236559139785;1.037202539799949;true;
0014.4F01.0000.0369;429;43;-0.25268817204301075;0.15053763440860216;0.9946236559139785;1.037202539799949;true;
0014.4F01.0000.0369;439;44;-0.26344086021505375;0.14516129032258066;0.989247311827957;1.0339647629381783;true;
0014.4F01.0000.0369;449;45;-0.26881720430107525;0.14516129032258066;0.989247311827957;1.0353476389576604;true;
0014.4F01.0000.0369;459;46;-0.26344086021505375;0.13978494623655913;0.989247311827957;1.033223674711359;true;
0014.4F01.0000.0369;469;47;-0.25806451612903225;0.14516129032258066;1.0053763440860215;1.0480699823679727;true;
0014.4F01.0000.0369;482;48;-0.26344086021505375;0.15053763440860216;1.0053763440860215;1.0501639202771917;true;
0014.4F01.0000.0369;489;49;-0.25268817204301075;0.15053763440860216;1.0;1.0423592910622403;true;
0014.4F01.0000.0369;499;50;-0.26881720430107525;0.14516129032258066;0.9946236559139785;1.0404858030939446;true;
0014.4F01.0000.0369;509;51;-0.25268817204301075;0.15053763440860216;0.9946236559139785;1.037202539799949;true;
0014.4F01.0000.0369;519;52;-0.25268817204301075;0.14516129032258066;0.9946236559139785;1.0364358780948502;true;
0014.4F01.0000.0369;529;53;-0.26344086021505375;0.14516129032258066;0.9946236559139785;1.0391097651079275;true;
0014.4F01.0000.0369;539;54;-0.26881720430107525;0.14516129032258066;1.0053763440860215;1.050769281423918;true;
0014.4F01.0000.0369;549;55;-0.26881720430107525;0.15053763440860216;1.0053763440860215;1.0515254927719815;true;
0014.4F01.0000.0369;574;56;-0.26344086021505375;0.14516129032258066;0.9946236559139785;1.0391097651079275;true;
0014.4F01.0000.0369;579;57;-0.26881720430107525;0.13978494623655913;1.0;1.0448935450669623;true;
0014.4F01.0000.0369;589;58;-0.26344086021505375;0.15053763440860216;0.9946236559139785;1.0398744554550197;true;
0014.4F01.0000.0369;599;59;-0.25806451612903225;0.14516129032258066;1.0053763440860215;1.0480699823679727;true;
0014.4F01.0000.0369;609;60;-0.26344086021505375;0.15053763440860216;1.0161290322580645;1.060462576615458;true;
0014.4F01.0000.0369;619;61;-0.26344086021505375;0.14516129032258066;1.0053763440860215;1.0494067277689516;true;
0014.4F01.0000.0369;629;62;-0.27419354838709675;0.15053763440860216;0.9946236559139785;1.042650419965452;true;
0014.4F01.0000.0369;639;63;-0.26344086021505375;0.13978494623655913;0.989247311827957;1.033223674711359;true;
0014.4F01.0000.0369;651;64;-0.25268817204301075;0.13978494623655913;0.9946236559139785;1.0356965580653845;true;
0014.4F01.0000.0369;659;65;-0.25806451612903225;0.14516129032258066;1.0;1.042913752279175;true;
0014.4F01.0000.0369;669;66;-0.25268817204301075;0.13978494623655913;1.0;1.0408607704610622;true;
0014.4F01.0000.0369;679;67;-0.25806451612903225;0.14516129032258066;0.9946236559139785;1.037759756204063;true;
0014.4F01.0000.0369;689;68;-0.26881720430107525;0.15053763440860216;1.0161290322580645;1.0618109431058311;true;
0014.4F01.0000.0369;699;69;-0.26344086021505375;0.15053763440860216;1.0053763440860215;1.0501639202771917;true;
0014.4F01.0000.0369;709;70;-0.26881720430107525;0.16129032258064516;1.0;1.0479872410895157;true;
0014.4F01.0000.0369;719;71;-0.26344086021505375;0.15591397849462366;0.9946236559139785;1.0406663598024861;true;
0014.4F01.0000.0369;730;72;-0.26344086021505375;0.15053763440860216;0.9946236559139785;1.0398744554550197;true;
0014.4F01.0000.0369;739;73;-0.26881720430107525;0.14516129032258066;0.989247311827957;1.0353476389576604;true;
0014.4F01.0000.0369;749;74;-0.26881720430107525;0.14516129032258066;0.989247311827957;1.0353476389576604;true;
0014.4F01.0000.0369;759;75;-0.26344086021505375;0.14516129032258066;0.9838709677419355;1.0288221266110176;true;
0014.4F01.0000.0369;769;76;-0.26344086021505375;0.14516129032258066;0.989247311827957;1.0339647629381783;true;
0014.4F01.0000.0369;779;77;-0.26881720430107525;0.15591397849462366;0.9946236559139785;1.0420403422718125;true;
0014.4F01.0000.0369;789;78;-0.26344086021505375;0.15591397849462366;1.0053763440860215;1.0509480713948924;true;
0014.4F01.0000.0369;799;79;-0.25806451612903225;0.15591397849462366;1.0161290322580645;1.0599172955342526;true;
0014.4F01.0000.0369;813;80;-0.25806451612903225;0.15053763440860216;1.0053763440860215;1.04882813992857;true;
0014.4F01.0000.0369;819;81;-0.26344086021505375;0.15053763440860216;1.0053763440860215;1.0501639202771917;true;
0014.4F01.0000.0369;829;82;-0.26344086021505375;0.15053763440860216;1.0;1.0450180219518634;true;
0014.4F01.0000.0369;839;83;-0.27419354838709675;0.14516129032258066;1.0;1.0470214430398375;true;
0014.4F01.0000.0369;849;84;-0.26881720430107525;0.14516129032258066;1.0053763440860215;1.050769281423918;true;
0014.4F01.0000.0369;859;85;-0.26344086021505375;0.15053763440860216;1.010752688172043;1.0553121163197154;true;
0014.4F01.0000.0369;869;86;-0.26344086021505375;0.14516129032258066;1.0161290322580645;1.0597127427924393;true;
0014.4F01.0000.0369;879;87;-0.27419354838709675;0.15053763440860216;1.010752688172043;1.0580475783240828;true;
0014.4F01.0000.0369;892;88;-0.26881720430107525;0.13978494623655913;1.0053763440860215;1.0500400534124297;true;
0014.4F01.0000.0369;899;89;-0.26344086021505375;0.15591397849462366;1.0053763440860215;1.0509480713948924;true;
0014.4F01.0000.0369;909;90;-0.25806451612903225;0.13978494623655913;1.0053763440860215;1.0473388749239874;true;
0014.4F01.0000.0369;919;91;-0.26344086021505375;0.14516129032258066;1.0053763440860215;1.0494067277689516;true;
0014.4F01.0000.0369;929;92;-0.25806451612903225;0.14516129032258066;1.0053763440860215;1.0480699823679727;true;
0014.4F01.0000.0369;939;93;-0.26344086021505375;0.14516129032258066;1.0053763440860215;1.0494067277689516;true;
0014.4F01.0000.0369;949;94;-0.27419354838709675;0.15591397849462366;1.0;1.0485662929291257;true;
0014.4F01.0000.0369;959;95;-0.26344086021505375;0.15591397849462366;1.0;1.0458060314995652;true;
0014.4F01.0000.0369;970;96;-0.27419354838709675;0.15591397849462366;0.9946236559139785;1.043440217535637;true;
0014.4F01.0000.0369;979;97;-0.26344086021505375;0.15053763440860216;0.9946236559139785;1.0398744554550197;true;
0014.4F01.0000.0369;989;98;-0.26344086021505375;0.15591397849462366;1.0;1.0458060314995652;true;
0014.4F01.0000.0369;999;99;-0.25268817204301075;0.13978494623655913;1.0;1.0408607704610622;true;
0014.4F01.0000.0369;1009;100;-0.25806451612903225;0.13978494623655913;0.9946236559139785;1.037021380002822;true;
0014.4F01.0000.0369;1019;101;-0.25806451612903225;0.14516129032258066;0.989247311827957;1.0326080275941434;true;
0014.4F01.0000.0369;1029;102;-0.26881720430107525;0.14516129032258066;0.989247311827957;1.0353476389576604;true;
0014.4F01.0000.0369;1039;103;-0.27956989247311825;0.14516129032258066;0.9838709677419355;1.0330697973278475;true;
0014.4F01.0000.0369;1050;104;-0.27419354838709675;0.15053763440860216;0.989247311827957;1.0375229757982636;true;
0014.4F01.0000.0369;1059;105;-0.26881720430107525;0.15053763440860216;0.9946236559139785;1.0412494828835557;true;
0014.4F01.0000.0369;1069;106;-0.27419354838709675;0.14516129032258066;0.9946236559139785;1.041887767031033;true;
0014.4F01.0000.0369;1079;107;-0.27419354838709675;0.13978494623655913;0.9946236559139785;1.0411523183834117;true;
0014.4F01.0000.0369;1089;108;-0.25268817204301075;0.13978494623655913;0.9946236559139785;1.0356965580653845;true;
0014.4F01.0000.0369;1099;109;-0.26344086021505375;0.15053763440860216;0.9838709677419355;1.0295944577209213;true;
0014.4F01.0000.0369;1109;110;-0.27419354838709675;0.15053763440860216;1.0;1.0477803593074482;true;
0014.4F01.0000.0369;1119;111;-0.27419354838709675;0.15591397849462366;1.0053763440860215;1.05369486281129;true;
0014.4F01.0000.0369;1131;112;-0.27956989247311825;0.15053763440860216;1.0161290322580645;1.0645840100003754;true;
0014.4F01.0000.0369;1139;113;-0.2849462365591398;0.16129032258064516;1.0161290322580645;1.0675800373204327;true;
0014.4F01.0000.0369;1149;114;-0.27956989247311825;0.14516129032258066;1.010752688172043;1.0587030375098385;true;
0014.4F01.0000.0369;1159;115;-0.2956989247311828;0.14516129032258066;1.0;1.0528578509444162;true;
0014.4F01.0000.0369;1169;116;-0.2849462365591398;0.15591397849462366;1.0;1.0514292778971106;true;
0014.4F01.0000.0369;1179;117;-0.27956989247311825;0.14516129032258066;1.010752688172043;1.0587030375098385;true;
0014.4F01.0000.0369;1189;118;-0.26881720430107525;0.13978494623655913;1.0053763440860215;1.0500400534124297;true;
0014.4F01.0000.0369;1199;119;-0.27419354838709675;0.14516129032258066;1.0;1.0470214430398375;true;
0014.4F01.0000.0369;1212;120;-0.27956989247311825;0.14516129032258066;1.0;1.0484422373147448;true;
0014.4F01.0000.0369;1219;121;-0.27419354838709675;0.15053763440860216;0.9946236559139785;1.042650419965452;true;
0014.4F01.0000.0369;1229;122;-0.26881720430107525;0.16129032258064516;1.0;1.0479872410895157;true;
0014.4F01.0000.0369;1239;123;-0.26344086021505375;0.15053763440860216;1.0161290322580645;1.060462576615458;true;
0014.4F01.0000.0369;1249;124;-0.26881720430107525;0.14516129032258066;1.010752688172043;1.0559145259836962;true;
0014.4F01.0000.0369;1259;125;-0.26344086021505375;0.15053763440860216;0.9946236559139785;1.0398744554550197;true;
0014.4F01.0000.0369;1269;126;-0.25806451612903225;0.15053763440860216;1.0;1.0436756554879727;true;
0014.4F01.0000.0369;1279;127;-0.26344086021505375;0.15053763440860216;0.9946236559139785;1.0398744554550197;true;
0014.4F01.0000.0369;1291;128;-0.26881720430107525;0.15591397849462366;0.9946236559139785;1.0420403422718125;true;
0014.4F01.0000.0369;1299;129;-0.26344086021505375;0.15053763440860216;1.010752688172043;1.0553121163197154;true;
0014.4F01.0000.0369;1309;130;-0.25806451612903225;0.14516129032258066;1.0053763440860215;1.0480699823679727;true;
0014.4F01.0000.0369;1319;131;-0.26881720430107525;0.14516129032258066;0.989247311827957;1.0353476389576604;true;
0014.4F01.0000.0369;1329;132;-0.26881720430107525;0.13978494623655913;0.989247311827957;1.0346075412838642;true;
0014.4F01.0000.0369;1339;133;-0.26881720430107525;0.13978494623655913;0.989247311827957;1.0346075412838642;true;
0014.4F01.0000.0369;1349;134;-0.27956989247311825;0.14516129032258066;0.9946236559139785;1.0433155524045616;true;
0014.4F01.0000.0369;1359;135;-0.27419354838709675;0.14516129032258066;1.010752688172043;1.0572960317868572;true;
0014.4F01.0000.0369;1371;136;-0.27956989247311825;0.15053763440860216;0.989247311827957;1.0389567594994549;true;
0014.4F01.0000.0369;1379;137;-0.26881720430107525;0.14516129032258066;0.978494623655914;1.0250786399393421;true;
0014.4F01.0000.0369;1389;138;-0.25806451612903225;0.14516129032258066;0.9731182795698925;1.0171667910063205;true;
0014.4F01.0000.0369;1399;139;-0.27419354838709675;0.13978494623655913;0.978494623655914;1.025755166545601;true;
0014.4F01.0000.0369;1409;140;-0.24731182795698925;0.14516129032258066;0.9946236559139785;1.0351382310393293;true;
0014.4F01.0000.0369;1419;141;-0.25268817204301075;0.15591397849462366;0.9946236559139785;1.0379964825971948;true;
0014.4F01.0000.0369;1429;142;-0.25806451612903225;0.15591397849462366;1.0053763440860215;1.0496132889891914;true;
0014.4F01.0000.0369;1439;143;-0.25806451612903225;0.15591397849462366;1.0;1.0444646778014723;true;
0014.4F01.0000.0369;1450;144;-0.26344086021505375;0.16666666666666666;1.0053763440860215;1.0525970063877248;true;
0014.4F01.0000.0369;1459;145;-0.26344086021505375;0.16666666666666666;1.0161290322580645;1.06287208769745;true;
0014.4F01.0000.0369;1469;146;-0.27419354838709675;0.16666666666666666;1.0161290322580645;1.0655881427421177;true;
0014.4F01.0000.0369;1479;147;-0.27956989247311825;0.16666666666666666;1.021505376344086;1.0721055621789681;true;
0014.4F01.0000.0369;1489;148;-0.2849462365591398;0.16666666666666666;1.010752688172043;1.0632935305709361;true;
0014.4F01.0000.0369;1499;149;-0.27956989247311825;0.15591397849462366;1.0;1.0499849967820745;true;
0014.4F01.0000.0369;1509;150;-0.27956989247311825;0.15053763440860216;1.0;1.049200125881983;true;
0014.4F01.0000.0369;1519;151;-0.26344086021505375;0.15591397849462366;1.010752688172043;1.056092444896696;true;
0014.4F01.0000.0369;1532;152;-0.26881720430107525;0.15591397849462366;1.010752688172043;1.0574463838253356;true;
0014.4F01.0000.0369;1539;153;-0.27419354838709675;0.15591397849462366;1.0;1.0485662929291257;true;
0014.4F01.0000.0369;1549;154;-0.27419354838709675;0.15053763440860216;0.989247311827957;1.0375229757982636;true;
0014.4F01.0000.0369;1559;155;-0.27956989247311825;0.14516129032258066;0.9946236559139785;1.0433155524045616;true;
0014.4F01.0000.0369;1569;156;-0.27956989247311825;0.13978494623655913;0.9838709677419355;1.0323280666228354;true;
0014.4F01.0000.0369;1579;157;-0.2849462365591398;0.14516129032258066;0.989247311827957;1.0396520580925972;true;
0014.4F01.0000.0369;1589;158;-0.2849462365591398;0.15053763440860216;0.989247311827957;1.0404163498625896;true;
0014.4F01.0000.0369;1599;159;-0.27956989247311825;0.15591397849462366;1.0;1.0499849967820745;true;
0014.4F01.0000.0369;1610;160;-0.27956989247311825;0.15591397849462366;1.010752688172043;1.0602308664222448;true;
0014.4F01.0000.0369;1619;161;-0.27956989247311825;0.16129032258064516;1.0161290322580645;1.0661576352178463;true;
0014.4F01.0000.0369;1629;162;-0.26881720430107525;0.16129032258064516;1.0;1.0479872410895157;true;
0014.4F01.0000.0369;1639;163;-0.25268817204301075;0.15591397849462366;1.010752688172043;1.0534616640521246;true;
0014.4F01.0000.0369;1649;164;-0.24731182795698925;0.16129032258064516;1.0;1.0426781422882117;true;
0014.4F01.0000.0369;1659;165;-0.22043010752688172;0.15591397849462366;0.9838709677419355;1.0202454029103916;true;
0014.4F01.0000.0369;1669;166;-0.23655913978494625;0.16666666666666666;1.0;1.0410273792718285;true;
0014.4F01.0000.0369;1679;167;-0.23655913978494625;0.16666666666666666;1.0;1.0410273792718285;true;
0014.4F01.0000.0369;1692;168;-0.24193548387096775;0.15591397849462366;0.9838709677419355;1.0251068374620051;true;
0014.4F01.0000.0369;1699;169;-0.23655913978494625;0.16666666666666666;0.978494623655914;1.0203870505436161;true;
0014.4F01.0000.0369;1709;170;-0.25268817204301075;0.17204301075268819;0.9838709677419355;1.0302680190148292;true;
0014.4F01.0000.0369;1719;171;-0.23655913978494625;0.16666666666666666;1.0;1.0410273792718285;true;
0014.4F01.0000.0369;1729;172;-0.23118279569892472;0.1827956989247312;1.010752688172043;1.052844123894683;true;
0014.4F01.0000.0369;1739;173;-0.24731182795698925;0.1827956989247312;1.0053763440860215;1.0513605475956298;true;
0014.4F01.0000.0369;1749;174;-0.25268817204301075;0.1881720430107527;1.0;1.048456021996764;true;
0014.4F01.0000.0369;1759;175;-0.23118279569892472;0.1881720430107527;0.9946236559139785;1.0383305926831299;true;
0014.4F01.0000.0369;1772;176;-0.23118279569892472;0.1827956989247312;0.9623655913978495;1.0064826297950125;true;
0014.4F01.0000.0369;1779;177;-0.21505376344086022;0.1881720430107527;0.9731182795698925;1.0142070917588704;true;
0014.4F01.0000.0369;1789;178;-0.20430107526881722;0.1989247311827957;0.978494623655914;1.0191965985793277;true;
0014.4F01.0000.0369;1799;179;-0.1989247311827957;0.20430107526881722;0.9838709677419355;1.0243593408553442;true;
0014.4F01.0000.0369;1809;180;-0.17204301075268819;0.20967741935483872;0.978494623655914;1.0153891600069813;true;
0014.4F01.0000.0369;1819;181;-0.16129032258064516;0.21505376344086022;0.956989247311828;0.994027720337167;true;
0014.4F01.0000.0369;1829;182;-0.13440860215053763;0.22043010752688172;0.967741935483871;1.001588517471343;true;
0014.4F01.0000.0369;1839;183;-0.12903225806451613;0.22043010752688172;0.9838709677419355;1.0164845483778853;true;
0014.4F01.0000.0369;1850;184;-0.10752688172043011;0.22043010752688172;0.9838709677419355;1.013979064755424;true;
0014.4F01.0000.0369;1859;185;-0.0967741935483871;0.22043010752688172;0.9946236559139785;1.023342999069687;true;
0014.4F01.0000.0369;1869;186;-0.08602150537634409;0.22043010752688172;0.9838709677419355;1.0119245094654925;true;
0014.4F01.0000.0369;1879;187;-0.06989247311827956;0.21505376344086022;0.9731182795698925;0.9990456771348017;true;
0014.4F01.0000.0369;1889;188;-0.06451612903225806;0.22580645161290322;0.967741935483871;0.9958289703505246;true;
0014.4F01.0000.0369;1899;189;-0.06989247311827956;0.23655913978494625;0.978494623655914;1.0091069878550598;true;
0014.4F01.0000.0369;1909;190;-0.06451612903225806;0.24193548387096775;1.0161290322580645;1.0465243998392473;true;
0014.4F01.0000.0369;1919;191;-0.05913978494623656;0.25268817204301075;1.032258064516129;1.0643803541086758;true;
0014.4F01.0000.0369;1933;192;-0.08064516129032258;0.25806451612903225;1.0591397849462365;1.0931047619420629;true;
0014.4F01.0000.0369;1939;193;-0.08064516129032258;0.25268817204301075;1.0591397849462365;1.0918479923441453;true;
0014.4F01.0000.0369;1949;194;-0.08602150537634409;0.23655913978494625;1.0591397849462365;1.0886399818392518;true;
0014.4F01.0000.0369;1959;195;-0.08064516129032258;0.23118279569892472;1.043010752688172;1.071363877163058;true;
0014.4F01.0000.0369;1969;196;-0.06989247311827956;0.24193548387096775;1.010752688172043;1.0416519249737313;true;
0014.4F01.0000.0369;1979;197;-0.08602150537634409;0.25268817204301075;0.9946236559139785;1.0298190271020142;true;
0014.4F01.0000.0369;1989;198;-0.0967741935483871;0.27419354838709675;1.0376344086021505;1.0776049890517316;true;
0014.4F01.0000.0369;1999;199;-0.0913978494623656;0.27419354838709675;1.0698924731182795;1.1082443651553573;true;
0014.4F01.0000.0369;2010;200;-0.0967741935483871;0.27956989247311825;1.096774193548387;1.13597455999159;true;
0014.4F01.0000.0369;2019;201;-0.0913978494623656;0.2849462365591398;1.1021505376344085;1.1420524209612177;true;
0014.4F01.0000.0369;2029;202;-0.10215053763440861;0.27419354838709675;1.10752688172043;1.1455272271096333;true;
0014.4F01.0000.0369;2039;203;-0.11290322580645161;0.2849462365591398;1.086021505376344;1.1284432667469908;true;
0014.4F01.0000.0369;2049;204;-0.16129032258064516;0.2849462365591398;1.0698924731182795;1.1188739115389787;true;
0014.4F01.0000.0369;2059;205;-0.1827956989247312;0.27956989247311825;1.0806451612903225;1.1310913123806579;true;
0014.4F01.0000.0369;2069;206;-0.1827956989247312;0.27419354838709675;1.0806451612903225;1.129774461626158;true;
0014.4F01.0000.0369;2079;207;-0.1935483870967742;0.26881720430107525;1.0698924731182795;1.1199971301352325;true;
0014.4F01.0000.0369;2091;208;-0.23118279569892472;0.26881720430107525;1.032258064516129;1.0914508170843071;true;
0014.4F01.0000.0369;2099;209;-0.25806451612903225;0.27419354838709675;1.032258064516129;1.0987884729194257;true;
0014.4F01.0000.0369;2109;210;-0.26881720430107525;0.26344086021505375;1.043010752688172;1.1088440856956585;true;
0014.4F01.0000.0369;2119;211;-0.27419354838709675;0.26344086021505375;1.0268817204301075;1.0950202082890763;true;
0014.4F01.0000.0369;2129;212;-0.2903225806451613;0.26344086021505375;1.0;1.074098825836484;true;
0014.4F01.0000.0369;2139;213;-0.3064516129032258;0.27419354838709675;1.0;1.081246823360927;true;
0014.4F01.0000.0369;2149;214;-0.3010752688172043;0.25806451612903225;0.9946236559139785;1.0707566618433675;true;
0014.4F01.0000.0369;2159;215;-0.2956989247311828;0.25268817204301075;0.9838709677419355;1.0579656173728278;true;
0014.4F01.0000.0369;2170;216;-0.2956989247311828;0.22043010752688172;0.9408602150537635;1.0105667868391996;true;
0014.4F01.0000.0369;2179;217;-0.27419354838709675;0.1935483870967742;0.8817204301075269;0.9434373307188306;true;
0014.4F01.0000.0369;2189;218;-0.2956989247311828;0.1881720430107527;0.8387096774193549;0.9089997221423649;true;
0014.4F01.0000.0369;2199;219;-0.3279569892473118;0.1989247311827957;0.8602150537634409;0.9418581497197699;true;
0014.4F01.0000.0369;2209;220;-0.3387096774193548;0.22043010752688172;0.8870967741935484;0.9748099120682121;true;
0014.4F01.0000.0369;2219;221;-0.3709677419354839;0.25268817204301075;0.9086021505376344;1.013423033983718;true;
0014.4F01.0000.0369;2229;222;-0.3924731182795699;0.25268817204301075;0.9354838709677419;1.0454743103985473;true;
0014.4F01.0000.0369;2239;223;-0.3978494623655914;0.2903225806451613;0.9838709677419355;1.1002606403495987;true;
0014.4F01.0000.0369;2251;224;-0.46236559139784944;0.27956989247311825;1.064516129032258;1.1937905401936877;true;
0014.4F01.0000.0369;2259;225;-0.5161290322580645;0.27956989247311825;1.053763440860215;1.2062196698821641;true;
0014.4F01.0000.0369;2269;226;-0.5645161290322581;0.25806451612903225;1.0483870967741935;1.2183559656787908;true;
0014.4F01.0000.0369;2279;227;-0.5913978494623656;0.24193548387096775;1.043010752688172;1.223174404951206;true;
0014.4F01.0000.0369;2289;228;-0.6397849462365591;0.21505376344086022;0.9946236559139785;1.2020187667023683;true;
0014.4F01.0000.0369;2299;229;-0.6989247311827957;0.1827956989247312;0.967741935483871;1.2076566155569195;true;
0014.4F01.0000.0369;2309;230;-0.7634408602150538;0.14516129032258066;0.946236559139785;1.2244498246586986;true;
0014.4F01.0000.0369;2319;231;-0.7795698924731183;0.11290322580645161;0.9247311827956989;1.2147444653435486;true;
0014.4F01.0000.0369;2330;232;-0.7956989247311828;0.08602150537634409;0.9193548387096774;1.218913367579694;true;
0014.4F01.0000.0369;2339;233;-0.8010752688172043;0.08602150537634409;0.946236559139785;1.2427730732319833;true;
0014.4F01.0000.0369;2349;234;-0.7634408602150538;0.08064516129032258;0.9946236559139785;1.256432173254542;true;
0014.4F01.0000.0369;2359;235;-0.7365591397849462;0.07526881720430108;1.0161290322580645;1.257260104927292;true;
0014.4F01.0000.0369;2369;236;-0.6935483870967742;0.053763440860215055;1.032258064516129;1.2447716997812297;true;
0014.4F01.0000.0369;2379;237;-0.6612903225806451;0.03225806451612903;1.0;1.199310415807826;true;
0014.4F01.0000.0369;2389;238;-0.6129032258064516;-0.005376344086021506;0.9516129032258065;1.1319215462502399;true;
0014.4F01.0000.0369;2399;239;-0.5806451612903226;-0.021505376344086023;0.9247311827956989;1.0921259290834082;true;
0014.4F01.0000.0369;2410;240;-0.5483870967741935;-0.016129032258064516;0.9086021505376344;1.061388911545445;true;
0014.4F01.0000.0369;2419;241;-0.510752688172043;-0.016129032258064516;0.9086021505376344;1.0424424790453255;true;
0014.4F01.0000.0369;2429;242;-0.478494623655914;0.005376344086021506;0.9193548387096774;1.0364358780948502;true;
0014.4F01.0000.0369;2439;243;-0.44086021505376344;0.010752688172043012;0.9408602150537635;1.0390819475821864;true;
0014.4F01.0000.0369;2449;244;-0.40860215053763443;0.021505376344086023;0.956989247311828;1.0407913422517212;true;
0014.4F01.0000.0369;2459;245;-0.3817204301075269;0.03763440860215054;0.9516129032258065;1.02600874901638;true;
0014.4F01.0000.0369;2469;246;-0.34946236559139787;0.04838709677419355;0.9623655913978495;1.0249940427170803;true;
0014.4F01.0000.0369;2479;247;-0.3387096774193548;0.06451612903225806;0.9731182795698925;1.0323980639830248;true;
0014.4F01.0000.0369;2491;248;-0.3279569892473118;0.08602150537634409;0.978494623655914;1.0355709607298298;true;
0014.4F01.0000.0369;2499;249;-0.3118279569892473;0.0967741935483871;0.9838709677419355;1.036631082141801;true;
0014.4F01.0000.0369;2509;250;-0.2956989247311828;0.10215053763440861;0.9838709677419355;1.0324120628855655;true;
0014.4F01.0000.0369;2519;251;-0.27419354838709675;0.12365591397849462;0.9838709677419355;1.0288221266110176;true;
0014.4F01.0000.0369;2529;252;-0.27419354838709675;0.13440860215053763;1.0;1.045584895792383;true;
0014.4F01.0000.0369;2539;253;-0.27956989247311825;0.14516129032258066;1.0268817204301075;1.0741122812532427;true;
0014.4F01.0000.0369;2549;254;-0.24731182795698925;0.16666666666666666;1.032258064516129;1.074475513813037;true;
0014.4F01.0000.0369;2559;255;-0.24193548387096775;0.16129032258064516;1.0268817204301075;1.0672550839736232;true;
0014.4F01.0000.0369;2572;256;-0.22580645161290322;0.16666666666666666;1.021505376344086;1.0593580911418297;true;
0014.4F01.0000.0369;2579;257;-0.23118279569892472;0.15591397849462366;1.021505376344086;1.0588804878819258;true;
0014.4F01.0000.0369;2589;258;-0.26344086021505375;0.14516129032258066;1.0053763440860215;1.0494067277689516;true;
0014.4F01.0000.0369;2599;259;-0.27419354838709675;0.13978494623655913;0.978494623655914;1.025755166545601;true;
0014.4F01.0000.0369;2609;260;-0.2849462365591398;0.13978494623655913;0.967741935483871;1.0184589548026193;true;
0014.4F01.0000.0369;2619;261;-0.2956989247311828;0.13978494623655913;0.967741935483871;1.0215195245200184;true;
0014.4F01.0000.0369;2629;262;-0.3010752688172043;0.15591397849462366;0.9731182795698925;1.0304924416105348;true;
0014.4F01.0000.0369;2639;263;-0.3064516129032258;0.16666666666666666;0.9838709677419355;1.0438833507601408;true;
0014.4F01.0000.0369;2652;264;-0.2903225806451613;0.1774193548387097;1.0;1.0562976987118027;true;
0014.4F01.0000.0369;2659;265;-0.26344086021505375;0.1827956989247312;1.010752688172043;1.0603944318145204;true;
0014.4F01.0000.0369;2669;266;-0.25806451612903225;0.1881720430107527;1.0268817204301075;1.0754032174069639;true;
0014.4F01.0000.0369;2679;267;-0.27956989247311825;0.1827956989247312;1.0376344086021505;1.0900728224471732;true;
0014.4F01.0000.0369;2689;268;-0.27419354838709675;0.1774193548387097;1.021505376344086;1.0724425221653437;true;
0014.4F01.0000.0369;2699;269;-0.27419354838709675;0.1774193548387097;1.0;1.0519789586529245;true;
0014.4F01.0000.0369;2709;270;-0.26881720430107525;0.17204301075268819;1.0161290322580645;1.0650726252583935;true;
0014.4F01.0000.0369;2719;271;-0.27956989247311825;0.1774193548387097;1.010752688172043;1.0636061060824284;true;
0014.4F01.0000.0369;2732;272;-0.26344086021505375;0.16129032258064516;1.010752688172043;1.0568995466154896;true;
0014.4F01.0000.0369;2739;273;-0.27419354838709675;0.16129032258064516;0.989247311827957;1.0391375818889985;true;
0014.4F01.0000.0369;2749;274;-0.2849462365591398;0.16666666666666666;0.989247311827957;1.0428721779133983;true;
0014.4F01.0000.0369;2759;275;-0.2849462365591398;0.16129032258064516;0.989247311827957;1.0420264727185318;true;
0014.4F01.0000.0369;2769;276;-0.3010752688172043;0.16129032258064516;0.989247311827957;1.0465520195433955;true;
0014.4F01.0000.0369;2779;277;-0.3118279569892473;0.16129032258064516;0.9946236559139785;1.054764172610136;true;
0014.4F01.0000.0369;2789;278;-0.3225806451612903;0.15591397849462366;0.9946236559139785;1.057186671419189;true;
0014.4F01.0000.0369;2799;279;-0.3279569892473118;0.15053763440860216;0.978494623655914;1.042913752279175;true;
0014.4F01.0000.0369;2810;280;-0.3172043010752688;0.15591397849462366;0.978494623655914;1.0403746756982315;true;
0014.4F01.0000.0369;2819;281;-0.3172043010752688;0.15591397849462366;0.9838709677419355;1.0454328378600533;true;
0014.4F01.0000.0369;2829;282;-0.3225806451612903;0.15591397849462366;0.9946236559139785;1.057186671419189;true;
0014.4F01.0000.0369;2839;283;-0.3172043010752688;0.16129032258064516;1.010752688172043;1.0715662058061692;true;
0014.4F01.0000.0369;2849;284;-0.3172043010752688;0.15591397849462366;1.0161290322580645;1.0758466189510392;true;
0014.4F01.0000.0369;2859;285;-0.3118279569892473;0.15591397849462366;0.9946236559139785;1.0539554356583576;true;
0014.4F01.0000.0369;2869;286;-0.3064516129032258;0.14516129032258066;0.978494623655914;1.0355849167415647;true;
0014.4F01.0000.0369;2879;287;-0.3064516129032258;0.13978494623655913;0.9838709677419355;1.039930047364148;true;
0014.4F01.0000.0369;2892;288;-0.3118279569892473;0.15053763440860216;0.989247311827957;1.048097561342581;true;
0014.4F01.0000.0369;2899;289;-0.3118279569892473;0.15591397849462366;1.0053763440860215;1.064108752288921;true;
0014.4F01.0000.0369;2909;290;-0.3010752688172043;0.16666666666666666;1.021505376344086;1.0779134145055447;true;
0014.4F01.0000.0369;2919;291;-0.3064516129032258;0.17204301075268819;1.032258064516129;1.0904439923069973;true;
0014.4F01.0000.0369;2929;292;-0.2956989247311828;0.17204301075268819;1.0376344086021505;1.0925757719953166;true;
0014.4F01.0000.0369;2939;293;-0.2849462365591398;0.16666666666666666;1.0268817204301075;1.078637197235703;true;
0014.4F01.0000.0369;2949;294;-0.2903225806451613;0.16666666666666666;1.0268817204301075;1.0800699266083384;true;
0014.4F01.0000.0369;2959;295;-0.2956989247311828;0.16666666666666666;1.0268817204301075;1.0815274844489404;true;
0014.4F01.0000.0369;2971;296;-0.3064516129032258;0.16666666666666666;1.0161290322580645;1.0743409975545366;true;
0014.4F01.0000.0369;2979;297;-0.3118279569892473;0.16666666666666666;1.0161290322580645;1.075886919120953;true;
0014.4F01.0000.0369;2989;298;-0.3010752688172043;0.16129032258064516;1.0053763440860215;1.0618109431058311;true;
0014.4F01.0000.0369;2999;299;-0.3010752688172043;0.15591397849462366;0.9946236559139785;1.050824296962657;true;
0014.4F01.0000.0369;3009;300;-0.2903225806451613;0.15591397849462366;0.9838709677419355;1.037592622703121;true;
0014.4F01.0000.0369;3019;301;-0.2956989247311828;0.15591397849462366;0.978494623655914;1.0340206725693295;true;
0014.4F01.0000.0369;3029;302;-0.2903225806451613;0.16129032258064516;0.978494623655914;1.033321584751893;true;
0014.4F01.0000.0369;3039;303;-0.2956989247311828;0.16666666666666666;0.9946236559139785;1.0509480713948924;true;
0014.4F01.0000.0369;3051;304;-0.3010752688172043;0.1774193548387097;1.010752688172043;1.0694601168869025;true;
0014.4F01.0000.0369;3059;305;-0.2903225806451613;0.17204301075268819;1.0161290322580645;1.0707026704828126;true;
0014.4F01.0000.0369;3069;306;-0.2849462365591398;0.17204301075268819;1.0053763440860215;1.059044261835095;true;
0014.4F01.0000.0369;3079;307;-0.2849462365591398;0.16666666666666666;0.9946236559139785;1.0479734502413138;true;
0014.4F01.0000.0369;3089;308;-0.2903225806451613;0.16129032258064516;0.9946236559139785;1.0486076415391616;true;
0014.4F01.0000.0369;3099;309;-0.2903225806451613;0.16129032258064516;0.989247311827957;1.043509469506374;true;
0014.4F01.0000.0369;3109;310;-0.2956989247311828;0.16129032258064516;0.9838709677419355;1.039930047364148;true;
0014.4F01.0000.0369;3119;311;-0.3010752688172043;0.16129032258064516;1.0;1.0567217635931987;true;
0014.4F01.0000.0369;3131;312;-0.2956989247311828;0.15591397849462366;0.989247311827957;1.0442017366084193;true;
0014.4F01.0000.0369;3139;313;-0.3064516129032258;0.15591397849462366;0.9838709677419355;1.0422206296684322;true;
0014.4F01.0000.0369;3149;314;-0.3010752688172043;0.15053763440860216;0.978494623655914;1.0347751569255124;true;
0014.4F01.0000.0369;3159;315;-0.3172043010752688;0.15053763440860216;0.9838709677419355;1.0446445468002217;true;
0014.4F01.0000.0369;3169;316;-0.3172043010752688;0.15053763440860216;0.989247311827957;1.0497096703150004;true;
0014.4F01.0000.0369;3179;317;-0.3225806451612903;0.16129032258064516;1.0053763440860215;1.0681078756561142;true;
0014.4F01.0000.0369;3189;318;-0.3172043010752688;0.16666666666666666;1.0053763440860215;1.0673227907461744;true;
0014.4F01.0000.0369;3199;319;-0.2956989247311828;0.16666666666666666;1.021505376344086;1.0764241105460377;true;
0014.4F01.0000.0369;3210;320;-0.3064516129032258;0.17204301075268819;1.021505376344086;1.0802706246583358;true;
0014.4F01.0000.0369;3219;321;-0.2903225806451613;0.17204301075268819;1.0161290322580645;1.0707026704828126;true;
0014.4F01.0000.0369;3229;322;-0.2956989247311828;0.16666666666666666;1.0053763440860215;1.0611301640763635;true;
0014.4F01.0000.0369;3239;323;-0.3010752688172043;0.16666666666666666;1.0053763440860215;1.0626409029013064;true;
0014.4F01.0000.0369;3249;324;-0.3010752688172043;0.16666666666666666;1.0053763440860215;1.0626409029013064;true;
0014.4F01.0000.0369;3259;325;-0.3064516129032258;0.16666666666666666;1.0;1.059098847524992;true;
0014.4F01.0000.0369;3269;326;-0.3225806451612903;0.16666666666666666;1.0053763440860215;1.0689329462871966;true;
0014.4F01.0000.0369;3279;327;-0.3279569892473118;0.16666666666666666;1.0;1.0655203257441592;true;
0014.4F01.0000.0369;3292;328;-0.3333333333333333;0.16666666666666666;1.010752688172043;1.0772696438384868;true;
0014.4F01.0000.0369;3299;329;-0.3333333333333333;0.16666666666666666;1.0053763440860215;1.0722268799730135;true;
0014.4F01.0000.0369;3309;330;-0.3225806451612903;0.16666666666666666;1.010752688172043;1.0739911764337093;true;
0014.4F01.0000.0369;3319;331;-0.3118279569892473;0.17204301075268819;1.0053763440860215;1.066591330152609;true;
0014.4F01.0000.0369;3329;332;-0.3010752688172043;0.16666666666666666;1.0053763440860215;1.0626409029013064;true;
0014.4F01.0000.0369;3339;333;-0.3010752688172043;0.16666666666666666;0.9946236559139785;1.0524734258758355;true;
0014.4F01.0000.0369;3349;334;-0.2956989247311828;0.15591397849462366;0.9838709677419355;1.0391097651079275;true;
0014.4F01.0000.0369;3359;335;-0.3064516129032258;0.15053763440860216;0.978494623655914;1.0363522079620688;true;
0014.4F01.0000.0369;3370;336;-0.3064516129032258;0.15591397849462366;0.9731182795698925;1.0320760368180621;true;
0014.4F01.0000.0369;3379;337;-0.3064516129032258;0.15591397849462366;0.9946236559139785;1.0523772976669057;true;
0014.4F01.0000.0369;3389;338;-0.3064516129032258;0.16129032258064516;1.0;1.058266109827371;true;
0014.4F01.0000.0369;3399;339;-0.3064516129032258;0.16129032258064516;1.0053763440860215;1.063347898129738;true;
0014.4F01.0000.0369;3409;340;-0.2956989247311828;0.15591397849462366;0.989247311827957;1.0442017366084193;true;
0014.4F01.0000.0369;3419;341;-0.3064516129032258;0.15053763440860216;0.978494623655914;1.0363522079620688;true;
0014.4F01.0000.0369;3429;342;-0.3064516129032258;0.15591397849462366;0.9623655913978495;1.0219438787171942;true;
0014.4F01.0000.0369;3439;343;-0.3010752688172043;0.15591397849462366;0.978494623655914;1.0355709607298298;true;
0014.4F01.0000.0369;3451;344;-0.3010752688172043;0.16666666666666666;0.9838709677419355;1.0423176945809671;true;
0014.4F01.0000.0369;3459;345;-0.3064516129032258;0.16666666666666666;1.0;1.059098847524992;true;
0014.4F01.0000.0369;3469;346;-0.3118279569892473;0.17204301075268819;1.0;1.0615250690911344;true;
0014.4F01.0000.0369;3479;347;-0.3118279569892473;0.16129032258064516;0.9946236559139785;1.054764172610136;true;
0014.4F01.0000.0369;3489;348;-0.3172043010752688;0.15591397849462366;0.989247311827957;1.050494160511857;true;
0014.4F01.0000.0369;3499;349;-0.3064516129032258;0.16129032258064516;0.978494623655914;1.037968635235519;true;
0014.4F01.0000.0369;3509;350;-0.3064516129032258;0.16129032258064516;0.9946236559139785;1.0531872464632515;true;
0014.4F01.0000.0369;3519;351;-0.3010752688172043;0.17204301075268819;1.0053763440860215;1.0634973945854196;true;
0014.4F01.0000.0369;3530;352;-0.2956989247311828;0.16666666666666666;1.0053763440860215;1.0611301640763635;true;
0014.4F01.0000.0369;3539;353;-0.2956989247311828;0.17204301075268819;0.9946236559139785;1.0518140845889619;true;
0014.4F01.0000.0369;3549;354;-0.2903225806451613;0.16129032258064516;0.989247311827957;1.043509469506374;true;
0014.4F01.0000.0369;3559;355;-0.3010752688172043;0.16666666666666666;0.978494623655914;1.0372443414136605;true;
0014.4F01.0000.0369;3569;356;-0.3010752688172043;0.16666666666666666;0.9838709677419355;1.0423176945809671;true;
0014.4F01.0000.0369;3579;357;-0.3010752688172043;0.17204301075268819;1.0053763440860215;1.0634973945854196;true;
0014.4F01.0000.0369;3589;358;-0.3010752688172043;0.17204301075268819;0.9946236559139785;1.0533381849842385;true;
0014.4F01.0000.0369;3599;359;-0.2956989247311828;0.16666666666666666;0.989247311827957;1.0458613081206296;true;
0014.4F01.0000.0369;3612;360;-0.3010752688172043;0.16666666666666666;0.9946236559139785;1.0524734258758355;true;
0014.4F01.0000.0369;3619;361;-0.2956989247311828;0.17204301075268819;0.989247311827957;1.046731529856088;true;
0014.4F01.0000.0369;3629;362;-0.2903225806451613;0.17204301075268819;0.989247311827957;1.0452254504843226;true;
0014.4F01.0000.0369;3639;363;-0.3010752688172043;0.16666666666666666;1.0;1.0575557173365049;true;
0014.4F01.0000.0369;3649;364;-0.3064516129032258;0.16666666666666666;0.9946236559139785;1.0540239967536102;true;
0014.4F01.0000.0369;3659;365;-0.2956989247311828;0.17204301075268819;0.9838709677419355;1.0416519249737315;true;
0014.4F01.0000.0369;3669;366;-0.2903225806451613;0.16666666666666666;0.978494623655914;1.0341744084697575;true;
0014.4F01.0000.0369;3679;367;-0.2956989247311828;0.16666666666666666;0.978494623655914;1.0356965580653845;true;
0014.4F01.0000.0369;3690;368;-0.2956989247311828;0.16666666666666666;0.9838709677419355;1.0407774560540828;true;
0014.4F01.0000.0369;3699;369;-0.2903225806451613;0.16129032258064516;1.0;1.053708578778134;true;
0014.4F01.0000.0369;3709;370;-0.2903225806451613;0.17204301075268819;0.9946236559139785;1.0503152932738835;true;
0014.4F01.0000.0369;3719;371;-0.3064516129032258;0.16129032258064516;0.9946236559139785;1.0531872464632515;true;
0014.4F01.0000.0369;3729;372;-0.3064516129032258;0.16666666666666666;1.0;1.059098847524992;true;
0014.4F01.0000.0369;3739;373;-0.2956989247311828;0.16666666666666666;1.0;1.0560377038084179;true;
0014.4F01.0000.0369;3749;374;-0.2956989247311828;0.16129032258064516;0.989247311827957;1.0450180219518634;true;
0014.4F01.0000.0369;3759;375;-0.3010752688172043;0.16666666666666666;0.9946236559139785;1.0524734258758355;true;
0014.4F01.0000.0369;3771;376;-0.3010752688172043;0.16666666666666666;1.0053763440860215;1.0626409029013064;true;
0014.4F01.0000.0369;3779;377;-0.3064516129032258;0.17204301075268819;1.0053763440860215;1.0650319158821544;true;
0014.4F01.0000.0369;3789;378;-0.3064516129032258;0.1827956989247312;1.0161290322580645;1.076961034018446;true;
0014.4F01.0000.0369;3799;379;-0.3118279569892473;0.1827956989247312;1.021505376344086;1.0835701067329893;true;
0014.4F01.0000.0369;3809;380;-0.3172043010752688;0.1774193548387097;1.0268817204301075;1.0893035682698975;true;
0014.4F01.0000.0369;3819;381;-0.3118279569892473;0.1774193548387097;1.021505376344086;1.0826760993627524;true;
0014.4F01.0000.0369;3829;382;-0.3118279569892473;0.1774193548387097;1.010752688172043;1.072536851990869;true;
0014.4F01.0000.0369;3839;383;-0.3172043010752688;0.1827956989247312;1.010752688172043;1.0750134105270697;true;
0014.4F01.0000.0369;3850;384;-0.3064516129032258;0.1774193548387097;1.010752688172043;1.0709860947600505;true;
0014.4F01.0000.0369;3859;385;-0.2956989247311828;0.1774193548387097;1.0268817204301075;1.0832366081849614;true;
0014.4F01.0000.0369;3869;386;-0.3010752688172043;0.17204301075268819;1.0161290322580645;1.073668163465748;true;
0014.4F01.0000.0369;3879;387;-0.3010752688172043;0.1774193548387097;1.010752688172043;1.0694601168869025;true;
0014.4F01.0000.0369;3889;388;-0.3064516129032258;0.1827956989247312;1.010752688172043;1.071889852197221;true;
0014.4F01.0000.0369;3899;389;-0.3118279569892473;0.1774193548387097;1.0161290322580645;1.0776049890517316;true;
0014.4F01.0000.0369;3909;390;-0.3064516129032258;0.1827956989247312;1.010752688172043;1.071889852197221;true;
0014.4F01.0000.0369;3919;391;-0.3118279569892473;0.17204301075268819;1.0;1.0615250690911344;true;
0014.4F01.0000.0369;3930;392;-0.3172043010752688;0.16666666666666666;0.9838709677419355;1.047090458157212;true;
0014.4F01.0000.0369;3939;393;-0.3172043010752688;0.16666666666666666;0.967741935483871;1.0319499988335172;true;
0014.4F01.0000.0369;3949;394;-0.3010752688172043;0.16666666666666666;0.9838709677419355;1.0423176945809671;true;
0014.4F01.0000.0369;3959;395;-0.2903225806451613;0.17204301075268819;0.989247311827957;1.0452254504843226;true;
0014.4F01.0000.0369;3969;396;-0.2903225806451613;0.16666666666666666;1.0;1.0545449154067568;true;
0014.4F01.0000.0369;3979;397;-0.2849462365591398;0.17204301075268819;1.0;1.053941722904102;true;
0014.4F01.0000.0369;3989;398;-0.2849462365591398;0.1774193548387097;0.989247311827957;1.0446445468002217;true;
0014.4F01.0000.0369;3999;399;-0.2903225806451613;0.17204301075268819;0.9838709677419355;1.0401384905611215;true;
0014.4F01.0000.0369;4012;400;-0.2956989247311828;0.17204301075268819;0.9838709677419355;1.0416519249737315;true;
0014.4F01.0000.0369;4019;401;-0.3010752688172043;0.17204301075268819;0.9838709677419355;1.0431908723755468;true;
0014.4F01.0000.0369;4029;402;-0.3118279569892473;0.16666666666666666;0.9731182795698925;1.03536159797963;true;
0014.4F01.0000.0369;4039;403;-0.3172043010752688;0.16666666666666666;0.967741935483871;1.0319499988335172;true;
0014.4F01.0000.0369;4049;404;-0.3172043010752688;0.17204301075268819;0.9731182795698925;1.037871163585619;true;
0014.4F01.0000.0369;4059;405;-0.3010752688172043;0.1774193548387097;0.9838709677419355;1.0440910047166332;true;
0014.4F01.0000.0369;4069;406;-0.2956989247311828;0.1881720430107527;1.0;1.059644549770355;true;
0014.4F01.0000.0369;4079;407;-0.2956989247311828;0.1774193548387097;1.0;1.0577880135256599;true;
0014.4F01.0000.0369;4090;408;-0.2956989247311828;0.1827956989247312;0.978494623655914;1.0384141034077337;true;
0014.4F01.0000.0369;4099;409;-0.2956989247311828;0.1774193548387097;0.9731182795698925;1.0324120628855658;true;
0014.4F01.0000.0369;4109;410;-0.2956989247311828;0.17204301075268819;0.9623655913978495;1.0213638838056494;true;
0014.4F01.0000.0369;4119;411;-0.2956989247311828;0.1774193548387097;0.9516129032258065;1.0121672782422924;true;
0014.4F01.0000.0369;4129;412;-0.27956989247311825;0.17204301075268819;0.9354838709677419;0.9914071792997422;true;
0014.4F01.0000.0369;4139;413;-0.2903225806451613;0.17204301075268819;0.9301075268817204;0.9894372187983157;true;
0014.4F01.0000.0369;4149;414;-0.2903225806451613;0.1774193548387097;0.9032258064516129;0.9651847935727212;true;
0014.4F01.0000.0369;4159;415;-0.2956989247311828;0.1774193548387097;0.8763440860215054;0.9417507306413037;true;
0014.4F01.0000.0369;4171;416;-0.3010752688172043;0.1935483870967742;0.8494623655913979;0.9217882653827006;true;
0014.4F01.0000.0369;4179;417;-0.3010752688172043;0.1989247311827957;0.8387096774193549;0.9130450641487405;true;
0014.4F01.0000.0369;4189;418;-0.2903225806451613;0.22580645161290322;0.8118279569892473;0.8912577551818619;true;
0014.4F01.0000.0369;4199;419;-0.2849462365591398;0.23655913978494625;0.7311827956989247;0.8196236118311298;true;
0014.4F01.0000.0369;4209;420;-0.2849462365591398;0.21505376344086022;0.6720430107526881;0.7609758781990612;true;
0014.4F01.0000.0369;4219;421;-0.34408602150537637;0.1774193548387097;0.5376344086021505;0.6625130753273979;true;
0014.4F01.0000.0369;4229;422;-0.4032258064516129;0.10215053763440861;0.44086021505376344;0.6061216978006998;true;
0014.4F01.0000.0369;4239;423;-0.43548387096774194;0.04838709677419355;0.3333333333333333;0.5505439347757771;true;
0014.4F01.0000.0369;4251;424;-0.44086021505376344;0.0;0.22580645161290322;0.49532442177552777;true;
0014.4F01.0000.0369;4259;425;-0.45698924731182794;-0.005376344086021506;0.1881720430107527;0.4942436595498246;true;
0014.4F01.0000.0369;4269;426;-0.43010752688172044;-0.005376344086021506;0.16129032258064516;0.4593865016673975;true;
0014.4F01.0000.0369;4279;427;-0.3279569892473118;0.0;0.15591397849462366;0.36313214603802757;true;
0014.4F01.0000.0369;4289;428;-0.25268817204301075;0.005376344086021506;0.14516129032258066;0.29146529394472687;true;
0014.4F01.0000.0369;4299;429;-0.24193548387096775;0.03225806451612903;0.16129032258064516;0.292554147535759;true;
0014.4F01.0000.0369;4309;430;-0.1935483870967742;0.07526881720430108;0.26881720430107525;0.339689655890996;true;
0014.4F01.0000.0369;4319;431;-0.1881720430107527;0.12903225806451613;0.3763440860215054;0.44010556969371645;true;
0014.4F01.0000.0369;4330;432;-0.16129032258064516;0.20430107526881722;0.5376344086021505;0.5973309424658558;true;
0014.4F01.0000.0369;4339;433;-0.21505376344086022;0.22580645161290322;0.5860215053763441;0.6638206681955936;true;
0014.4F01.0000.0369;4349;434;-0.26344086021505375;0.23118279569892472;0.5967741935483871;0.692088151858812;true;
0014.4F01.0000.0369;4359;435;-0.4032258064516129;0.25806451612903225;0.6129032258064516;0.7777137710478189;true;
0014.4F01.0000.0369;4369;436;-0.45698924731182794;0.3172043010752688;0.6559139784946236;0.8600470266002473;true;
0014.4F01.0000.0369;4379;437;-0.44623655913978494;0.3602150537634409;0.8118279569892473;0.9939550208234015;true;
0014.4F01.0000.0369;4389;438;-0.45698924731182794;0.41397849462365593;1.0161290322580645;1.188585535991083;true;
0014.4F01.0000.0369;4399;439;-0.489247311827957;0.43548387096774194;1.1612903225806452;1.3332682953267097;true;
0014.4F01.0000.0369;4410;440;-0.45698924731182794;0.4946236559139785;1.3010752688172043;1.4650217023225633;true;
0014.4F01.0000.0369;4419;441;-0.4032258064516129;0.5268817204301075;1.403225806451613;1.552172046586242;true;
0014.4F01.0000.0369;4429;442;-0.3548387096774194;0.5483870967741935;1.478494623655914;1.6163493650734693;true;
0014.4F01.0000.0369;4439;443;-0.3817204301075269;0.5483870967741935;1.510752688172043;1.6519117953114077;true;
0014.4F01.0000.0369;4449;444;-0.44086021505376344;0.5483870967741935;1.5376344086021505;1.6909777383640994;true;
0014.4F01.0000.0369;4459;445;-0.5591397849462365;0.5376344086021505;1.5376344086021505;1.7222101006961934;true;
0014.4F01.0000.0369;4469;446;-0.5967741935483871;0.489247311827957;1.5053763440860215;1.691644261524865;true;
0014.4F01.0000.0369;4479;447;-0.553763440860215;0.44623655913978494;1.4516129032258065;1.6164655999921291;true;
0014.4F01.0000.0369;4492;448;-0.43010752688172044;0.43548387096774194;1.4408602150537635;1.5654765555185222;true;
0014.4F01.0000.0369;4499;449;-0.3602150537634409;0.45161290322580644;1.4731182795698925;1.5823357939833125;true;
0014.4F01.0000.0369;4509;450;-0.3064516129032258;0.46774193548387094;1.4731182795698925;1.5756816223032322;true;
0014.4F01.0000.0369;4519;451;-0.2956989247311828;0.46236559139784944;1.4731182795698925;1.572036023696283;true;
0014.4F01.0000.0369;4529;452;-0.3064516129032258;0.46774193548387094;1.403225806451613;1.510542211642219;true;
0014.4F01.0000.0369;4539;453;-0.3655913978494624;0.44623655913978494;1.2688172043010753;1.3938010025914156;true;
0014.4F01.0000.0369;4549;454;-0.42473118279569894;0.3978494623655914;1.1451612903225807;1.2845525108756362;true;
0014.4F01.0000.0369;4559;455;-0.42473118279569894;0.3655913978494624;1.064516129032258;1.2030163077823925;true;
0014.4F01.0000.0369;4573;456;-0.34408602150537637;0.3548387096774194;1.0591397849462365;1.168795441528112;true;
0014.4F01.0000.0369;4579;457;-0.2956989247311828;0.3655913978494624;1.0698924731182795;1.1686594150152771;true;
0014.4F01.0000.0369;4589;458;-0.27956989247311825;0.3763440860215054;1.1129032258064515;1.20762071275347;true;
0014.4F01.0000.0369;4599;459;-0.24193548387096775;0.3817204301075269;1.1505376344086022;1.2361149272247696;true;
0014.4F01.0000.0369;4609;460;-0.24193548387096775;0.3709677419354839;1.1559139784946237;1.23785579515219;true;
0014.4F01.0000.0369;4619;461;-0.23118279569892472;0.3924731182795699;1.1505376344086022;1.2374237276655893;true;
0014.4F01.0000.0369;4629;462;-0.2903225806451613;0.3817204301075269;1.1129032258064515;1.2118379749802972;true;
0014.4F01.0000.0369;4639;463;-0.3172043010752688;0.3763440860215054;1.0376344086021505;1.1484505238011546;true;
0014.4F01.0000.0369;4651;464;-0.27956989247311825;0.3548387096774194;0.9354838709677419;1.0388454685388764;true;
0014.4F01.0000.0369;4659;465;-0.25268817204301075;0.3602150537634409;0.8924731182795699;0.9950449558185278;true;
0014.4F01.0000.0369;4669;466;-0.24193548387096775;0.34946236559139787;0.8548387096774194;0.9546758313079735;true;
0014.4F01.0000.0369;4679;467;-0.1774193548387097;0.3279569892473118;0.7580645161290323;0.8448048442578258;true;
0014.4F01.0000.0369;4689;468;-0.14516129032258066;0.3709677419354839;0.510752688172043;0.6477323322482802;true;
0014.4F01.0000.0369;4699;469;-0.15053763440860216;0.42473118279569894;0.44623655913978494;0.6341807500431451;true;
0014.4F01.0000.0369;4709;470;-0.1989247311827957;0.45161290322580644;0.5913978494623656;0.7702445581663657;true;
0014.4F01.0000.0369;4719;471;-0.3172043010752688;0.5806451612903226;1.1989247311827957;1.3693749972130547;true;
0014.4F01.0000.0369;4730;472;-0.2849462365591398;0.34946236559139787;1.7311827956989247;1.788941635386101;true;
0014.4F01.0000.0369;4739;473;-0.24193548387096775;0.41397849462365593;1.8709677419354838;1.931432438303217;true;
0014.4F01.0000.0369;4749;474;-0.026881720430107527;0.7634408602150538;2.0161290322580645;2.156001124455417;true;
0014.4F01.0000.0369;4759;475;-0.10752688172043011;0.489247311827957;1.4516129032258065;1.5356122502881566;true;
0014.4F01.0000.0369;4769;476;-0.34946236559139787;0.41935483870967744;1.1935483870967742;1.3124557813714208;true;
0014.4F01.0000.0369;4779;477;-0.34408602150537637;0.3817204301075269;1.0698924731182795;1.1869185233165847;true;
0014.4F01.0000.0369;4789;478;-0.46236559139784944;0.3924731182795699;1.0161290322580645;1.1833576377741781;true;
0014.4F01.0000.0369;4799;479;-0.4731182795698925;0.3655913978494624;1.0053763440860215;1.1697348288789529;true;
0014.4F01.0000.0369;4812;480;-0.3655913978494624;0.4032258064516129;1.086021505376344;1.2147801576046497;true;
0014.4F01.0000.0369;4819;481;-0.3333333333333333;0.4032258064516129;1.1129032258064515;1.2297380827274036;true;
0014.4F01.0000.0369;4829;482;-0.24731182795698925;0.43010752688172044;1.1129032258064515;1.2184864442980656;true;
0014.4F01.0000.0369;4839;483;-0.22580645161290322;0.43010752688172044;1.075268817204301;1.1799084996398055;true;
0014.4F01.0000.0369;4849;484;-0.27419354838709675;0.3978494623655914;1.0268817204301075;1.1348798898716967;true;
0014.4F01.0000.0369;4859;485;-0.2956989247311828;0.41397849462365593;1.0161290322580645;1.1363688918197985;true;
0014.4F01.0000.0369;4869;486;-0.3064516129032258;0.3924731182795699;1.0268817204301075;1.141242221168046;true;
0014.4F01.0000.0369;4879;487;-0.34408602150537637;0.3817204301075269;1.043010752688172;1.1627455040463588;true;
0014.4F01.0000.0369;4891;488;-0.3602150537634409;0.3870967741935484;0.9838709677419355;1.1169605537861675;true;
0014.4F01.0000.0369;4899;489;-0.3548387096774194;0.3817204301075269;0.9731182795698925;1.1038931935110745;true;
0014.4F01.0000.0369;4909;490;-0.3172043010752688;0.40860215053763443;0.9623655913978495;1.0925757719953166;true;
0014.4F01.0000.0369;4919;491;-0.2903225806451613;0.3924731182795699;0.978494623655914;1.0935145531395931;true;
0014.4F01.0000.0369;4929;492;-0.27419354838709675;0.3978494623655914;0.989247311827957;1.100943477495796;true;
0014.4F01.0000.0369;4939;493;-0.26881720430107525;0.3870967741935484;0.9516129032258065;1.061919827249282;true;
0014.4F01.0000.0369;4949;494;-0.24731182795698925;0.3924731182795699;0.9408602150537635;1.0490072607425225;true;
0014.4F01.0000.0369;4959;495;-0.25806451612903225;0.3978494623655914;0.9193548387096774;1.034453869753697;true;
0014.4F01.0000.0369;4972;496;-0.3118279569892473;0.3870967741935484;0.8978494623655914;1.0262622688286462;true;
0014.4F01.0000.0369;4979;497;-0.3172043010752688;0.3870967741935484;0.8978494623655914;1.0279086235078887;true;
0014.4F01.0000.0369;4989;498;-0.3172043010752688;0.3924731182795699;0.9193548387096774;1.0487454584653209;true;
0014.4F01.0000.0369;4999;499;-0.3225806451612903;0.3817204301075269;0.9247311827956989;1.0511405804310296;true;
0014.4F01.0000.0369;5009;500;-0.3064516129032258;0.3763440860215054;0.946236559139785;1.0634430346694883;true;
0014.4F01.0000.0369;5019;501;-0.2956989247311828;0.3870967741935484;0.9516129032258065;1.0690411050395008;true;
0014.4F01.0000.0369;5029;502;-0.2956989247311828;0.3817204301075269;0.946236559139785;1.0623144387145234;true;
0014.4F01.0000.0369;5039;503;-0.3010752688172043;0.3817204301075269;0.946236559139785;1.063823495748955;true;
0014.4F01.0000.0369;5050;504;-0.2956989247311828;0.3870967741935484;0.9354838709677419;1.0547093625824222;true;
0014.4F01.0000.0369;5059;505;-0.27419354838709675;0.3817204301075269;0.9032258064516129;1.018189297811929;true;
0014.4F01.0000.0369;5069;506;-0.2849462365591398;0.3817204301075269;0.8978494623655914;1.0163850163992354;true;
0014.4F01.0000.0369;5079;507;-0.2956989247311828;0.3817204301075269;0.9139784946236559;1.0336851694220912;true;
0014.4F01.0000.0369;5089;508;-0.2903225806451613;0.3817204301075269;0.9247311827956989;1.0416935480402447;true;
0014.4F01.0000.0369;5099;509;-0.26344086021505375;0.3870967741935484;0.9247311827956989;1.0365195414735946;true;
0014.4F01.0000.0369;5109;510;-0.26344086021505375;0.3924731182795699;0.9354838709677419;1.0481251395915123;true;
0014.4F01.0000.0369;5119;511;-0.27956989247311825;0.3817204301075269;0.9408602150537635;1.0531323543647875;true;
0014.4F01.0000.0369;5130;512;-0.25268817204301075;0.3817204301075269;0.9408602150537635;1.0463172288187401;true;
0014.4F01.0000.0369;5139;513;-0.26344086021505375;0.3817204301075269;0.946236559139785;1.0537908708301769;true;
0014.4F01.0000.0369;5149;514;-0.25806451612903225;0.3870967741935484;0.9516129032258065;1.0592489436680175;true;
0014.4F01.0000.0369;5159;515;-0.24731182795698925;0.3870967741935484;0.967741935483871;1.0712289701704987;true;
0014.4F01.0000.0369;5169;516;-0.24731182795698925;0.3924731182795699;0.9731182795698925;1.0780340787065055;true;
0014.4F01.0000.0369;5179;517;-0.27419354838709675;0.3924731182795699;0.9623655913978495;1.0748789615839214;true;
0014.4F01.0000.0369;5189;518;-0.2849462365591398;0.3763440860215054;0.9623655913978495;1.0719033353428433;true;
0014.4F01.0000.0369;5199;519;-0.2903225806451613;0.3870967741935484;0.9623655913978495;1.077162311320838;true;
0014.4F01.0000.0369;5212;520;-0.2849462365591398;0.3817204301075269;0.9408602150537635;1.054572325050163;true;
0014.4F01.0000.0369;5219;521;-0.2903225806451613;0.3870967741935484;0.9354838709677419;1.0532146914396456;true;
0014.4F01.0000.0369;5229;522;-0.27419354838709675;0.3924731182795699;0.9301075268817204;1.0460962011742643;true;
0014.4F01.0000.0369;5239;523;-0.2903225806451613;0.3870967741935484;0.9408602150537635;1.0579929383953994;true;
0014.4F01.0000.0369;5249;524;-0.2956989247311828;0.3870967741935484;0.956989247311828;1.0738296820952045;true;
0014.4F01.0000.0369;5259;525;-0.3118279569892473;0.3870967741935484;0.946236559139785;1.0688518200404762;true;
0014.4F01.0000.0369;5269;526;-0.3279569892473118;0.3817204301075269;0.9354838709677419;1.0622600182622084;true;
0014.4F01.0000.0369;5279;527;-0.3387096774193548;0.3817204301075269;0.9354838709677419;1.0656288308692616;true;
0014.4F01.0000.0369;5290;528;-0.34946236559139787;0.3709677419354839;0.9408602150537635;1.0700275486138016;true;
0014.4F01.0000.0369;5299;529;-0.3010752688172043;0.3870967741935484;0.9354838709677419;1.05622928520525;true;
0014.4F01.0000.0369;5309;530;-0.27419354838709675;0.3978494623655914;0.9354838709677419;1.0528990310198258;true;
0014.4F01.0000.0369;5319;531;-0.26881720430107525;0.3978494623655914;0.956989247311828;1.0706891722172664;true;
0014.4F01.0000.0369;5329;532;-0.26344086021505375;0.3978494623655914;0.9731182795698925;1.0838101621448772;true;
0014.4F01.0000.0369;5339;533;-0.26881720430107525;0.4032258064516129;0.9946236559139785;1.1064040659815417;true;
0014.4F01.0000.0369;5349;534;-0.2849462365591398;0.40860215053763443;1.010752688172043;1.1268411919166816;true;
0014.4F01.0000.0369;5359;535;-0.2956989247311828;0.4032258064516129;1.021505376344086;1.1373223549089344;true;
0014.4F01.0000.0369;5371;536;-0.3064516129032258;0.4032258064516129;1.021505376344086;1.1401652844826555;true;
0014.4F01.0000.0369;5379;537;-0.3172043010752688;0.41397849462365593;1.0;1.1278283391684738;true;
0014.4F01.0000.0369;5389;538;-0.3333333333333333;0.4032258064516129;0.967741935483871;1.1001030023564764;true;
0014.4F01.0000.0369;5399;539;-0.34946236559139787;0.40860215053763443;0.956989247311828;1.0976830516406704;true;
0014.4F01.0000.0369;5409;540;-0.3333333333333333;0.40860215053763443;0.9301075268817204;1.0691898054588442;true;
0014.4F01.0000.0369;5419;541;-0.3333333333333333;0.3978494623655914;0.9408602150537635;1.0745293156013545;true;
0014.4F01.0000.0369;5429;542;-0.3225806451612903;0.3978494623655914;0.9301075268817204;1.0618109431058311;true;
0014.4F01.0000.0369;5439;543;-0.3225806451612903;0.3924731182795699;0.9354838709677419;1.064529705572162;true;
0014.4F01.0000.0369;5451;544;-0.2849462365591398;0.3870967741935484;0.956989247311828;1.0709186195928837;true;
0014.4F01.0000.0369;5459;545;-0.2956989247311828;0.3924731182795699;0.9731182795698925;1.0901523694843462;true;
0014.4F01.0000.0369;5469;546;-0.27956989247311825;0.3924731182795699;0.989247311827957;1.1003657197988128;true;
0014.4F01.0000.0369;5479;547;-0.3010752688172043;0.3924731182795699;0.9838709677419355;1.1012191186275753;true;
0014.4F01.0000.0369;5489;548;-0.3118279569892473;0.3978494623655914;0.978494623655914;1.1013503520625063;true;
0014.4F01.0000.0369;5499;549;-0.3172043010752688;0.3978494623655914;0.9408602150537635;1.0696357826831777;true;
0014.4F01.0000.0369;5509;550;-0.3172043010752688;0.3924731182795699;0.9247311827956989;1.0534616640521246;true;
0014.4F01.0000.0369;5519;551;-0.3279569892473118;0.3924731182795699;0.9193548387096774;1.0520476485535946;true;
0014.4F01.0000.0369;5531;552;-0.3172043010752688;0.3924731182795699;0.9408602150537635;1.0676477234854918;true;
0014.4F01.0000.0369;5539;553;-0.3172043010752688;0.3924731182795699;0.9516129032258065;1.0771354765202876;true;
0014.4F01.0000.0369;5549;554;-0.3172043010752688;0.3870967741935484;0.9623655913978495;1.084716558700121;true;
0014.4F01.0000.0369;5559;555;-0.3172043010752688;0.3924731182795699;0.9516129032258065;1.0771354765202876;true;
0014.4F01.0000.0369;5569;556;-0.3118279569892473;0.4032258064516129;0.946236559139785;1.074798284145142;true;
0014.4F01.0000.0369;5579;557;-0.27956989247311825;0.4032258064516129;0.9623655913978495;1.0802304880313818;true;
0014.4F01.0000.0369;5589;558;-0.2956989247311828;0.3978494623655914;0.9516129032258065;1.072981438039641;true;
0014.4F01.0000.0369;5599;559;-0.3225806451612903;0.3870967741935484;0.9408602150537635;1.0672957085525732;true;
0014.4F01.0000.0369;5610;560;-0.3118279569892473;0.3870967741935484;0.9301075268817204;1.0545997339811768;true;
0014.4F01.0000.0369;5619;561;-0.3225806451612903;0.3817204301075269;0.9301075268817204;1.0558734635154818;true;
0014.4F01.0000.0369;5629;562;-0.3172043010752688;0.3870967741935484;0.9301075268817204;1.056201918561849;true;
0014.4F01.0000.0369;5639;563;-0.3118279569892473;0.3817204301075269;0.9516129032258065;1.0716875846567466;true;
0014.4F01.0000.0369;5649;564;-0.3172043010752688;0.3817204301075269;0.9516129032258065;1.0732642605472211;true;
0014.4F01.0000.0369;5659;565;-0.3172043010752688;0.3817204301075269;0.9408602150537635;1.0637419798302308;true;
0014.4F01.0000.0369;5669;566;-0.3172043010752688;0.3817204301075269;0.9516129032258065;1.0732642605472211;true;
0014.4F01.0000.0369;5679;567;-0.3225806451612903;0.3870967741935484;0.9623655913978495;1.0863009328589652;true;
0014.4F01.0000.0369;5692;568;-0.3172043010752688;0.3763440860215054;0.9731182795698925;1.0905102593451743;true;
0014.4F01.0000.0369;5699;569;-0.3172043010752688;0.3817204301075269;0.9623655913978495;1.0828095801611;true;
0014.4F01.0000.0369;5709;570;-0.3279569892473118;0.3817204301075269;0.9516129032258065;1.0764912406255265;true;
0014.4F01.0000.0369;5719;571;-0.3333333333333333;0.3763440860215054;0.956989247311828;1.081006198717164;true;
0014.4F01.0000.0369;5729;572;-0.3225806451612903;0.3763440860215054;0.9516129032258065;1.0729679684416886;true;
0014.4F01.0000.0369;5739;573;-0.3172043010752688;0.3817204301075269;0.956989247311828;1.0780340787065055;true;
0014.4F01.0000.0369;5749;574;-0.3118279569892473;0.3817204301075269;0.978494623655914;1.0956271674457019;true;
0014.4F01.0000.0369;5759;575;-0.3172043010752688;0.3817204301075269;0.9731182795698925;1.09237733472239;true;
0014.4F01.0000.0369;5772;576;-0.3279569892473118;0.3817204301075269;0.946236559139785;1.071741526400063;true;
0014.4F01.0000.0369;5779;577;-0.3225806451612903;0.3817204301075269;0.9516129032258065;1.0748655157646456;true;
0014.4F01.0000.0369;5789;578;-0.3225806451612903;0.3870967741935484;0.9623655913978495;1.0863009328589652;true;
0014.4F01.0000.0369;5799;579;-0.3279569892473118;0.3870967741935484;0.9623655913978495;1.08790956926288;true;
0014.4F01.0000.0369;5809;580;-0.3118279569892473;0.3817204301075269;0.967741935483871;1.0860348130772015;true;
0014.4F01.0000.0369;5819;581;-0.3225806451612903;0.3870967741935484;0.9623655913978495;1.0863009328589652;true;
0014.4F01.0000.0369;5829;582;-0.3010752688172043;0.3870967741935484;0.9516129032258065;1.0705406800632338;true;
0014.4F01.0000.0369;5839;583;-0.3064516129032258;0.3870967741935484;0.946236559139785;1.0672957085525732;true;
0014.4F01.0000.0369;5853;584;-0.3010752688172043;0.3870967741935484;0.9623655913978495;1.0801100692017158;true;
0014.4F01.0000.0369;5859;585;-0.3064516129032258;0.3870967741935484;0.9623655913978495;1.0816210219612838;true;
0014.4F01.0000.0369;5869;586;-0.3118279569892473;0.3763440860215054;0.967741935483871;1.084156815012256;true;
0014.4F01.0000.0369;5879;587;-0.3225806451612903;0.3817204301075269;0.9731182795698925;1.0939506137971755;true;
0014.4F01.0000.0369;5889;588;-0.3172043010752688;0.3817204301075269;0.9731182795698925;1.09237733472239;true;
0014.4F01.0000.0369;5899;589;-0.3225806451612903;0.3817204301075269;0.956989247311828;1.07962825957114;true;
0014.4F01.0000.0369;5909;590;-0.3172043010752688;0.3870967741935484;0.956989247311828;1.0799494898754107;true;
0014.4F01.0000.0369;5919;591;-0.3172043010752688;0.3870967741935484;0.956989247311828;1.0799494898754107;true;
0014.4F01.0000.0369;5930;592;-0.3118279569892473;0.3870967741935484;0.956989247311828;1.0783825883338427;true;
0014.4F01.0000.0369;5939;593;-0.3064516129032258;0.3817204301075269;0.946236559139785;1.0653575473357118;true;
0014.4F01.0000.0369;5949;594;-0.3118279569892473;0.3870967741935484;0.9354838709677419;1.0593444483226075;true;
0014.4F01.0000.0369;5959;595;-0.3118279569892473;0.3817204301075269;0.9408602150537635;1.0621511689927086;true;
0014.4F01.0000.0369;5969;596;-0.3172043010752688;0.3817204301075269;0.9516129032258065;1.0732642605472211;true;
0014.4F01.0000.0369;5979;597;-0.3064516129032258;0.3870967741935484;0.956989247311828;1.0768402495785987;true;
0014.4F01.0000.0369;5989;598;-0.2903225806451613;0.3870967741935484;0.9623655913978495;1.077162311320838;true;
0014.4F01.0000.0369;5999;599;-0.3118279569892473;0.3817204301075269;0.9623655913978495;1.0812468233609271;true;
0014.4F01.0000.0369;6012;600;-0.3279569892473118;0.3817204301075269;0.946236559139785;1.071741526400063;true;
0014.4F01.0000.0369;6019;601;-0.3333333333333333;0.3817204301075269;0.9408602150537635;1.068662501514674;true;
0014.4F01.0000.0369;6029;602;-0.3225806451612903;0.3870967741935484;0.946236559139785;1.0720381574722166;true;
0014.4F01.0000.0369;6039;603;-0.3225806451612903;0.3870967741935484;0.956989247311828;1.0815408474459873;true;
0014.4F01.0000.0369;6049;604;-0.3064516129032258;0.3870967741935484;0.956989247311828;1.0768402495785987;true;
0014.4F01.0000.0369;6059;605;-0.3118279569892473;0.3870967741935484;0.946236559139785;1.0688518200404762;true;
0014.4F01.0000.0369;6069;606;-0.2956989247311828;0.3870967741935484;0.9516129032258065;1.0690411050395008;true;
0014.4F01.0000.0369;6079;607;-0.3010752688172043;0.3870967741935484;0.9731182795698925;1.0897015261609346;true;
0014.4F01.0000.0369;6093;608;-0.2849462365591398;0.3870967741935484;0.9623655913978495;1.0757257093826478;true;
0014.4F01.0000.0369;6099;609;-0.2956989247311828;0.3924731182795699;0.9623655913978495;1.0805649143692384;true;
0014.4F01.0000.0369;6109;610;-0.2903225806451613;0.3870967741935484;0.946236559139785;1.062776900048273;true;
0014.4F01.0000.0369;6119;611;-0.3064516129032258;0.3924731182795699;0.946236559139785;1.0692573897223145;true;
0014.4F01.0000.0369;6129;612;-0.3172043010752688;0.3817204301075269;0.9516129032258065;1.0732642605472211;true;
0014.4F01.0000.0369;6139;613;-0.3172043010752688;0.3817204301075269;0.9516129032258065;1.0732642605472211;true;
0014.4F01.0000.0369;6149;614;-0.3118279569892473;0.3817204301075269;0.9516129032258065;1.0716875846567466;true;
0014.4F01.0000.0369;6159;615;-0.3064516129032258;0.3817204301075269;0.956989247311828;1.0749192980326119;true;
0014.4F01.0000.0369;6170;616;-0.2956989247311828;0.3817204301075269;0.9623655913978495;1.076706028753989;true;
0014.4F01.0000.0369;6179;617;-0.3064516129032258;0.3817204301075269;0.9731182795698925;1.0893035682698975;true;
0014.4F01.0000.0369;6189;618;-0.2956989247311828;0.3870967741935484;0.9731182795698925;1.0882283550391876;true;
0014.4F01.0000.0369;6199;619;-0.2903225806451613;0.3817204301075269;0.967741935483871;1.0800565454123272;true;
0014.4F01.0000.0369;6209;620;-0.2903225806451613;0.3817204301075269;0.978494623655914;1.0897015261609346;true;
0014.4F01.0000.0369;6219;621;-0.3010752688172043;0.3763440860215054;0.9731182795698925;1.0859283469040586;true;
0014.4F01.0000.0369;6229;622;-0.3064516129032258;0.3817204301075269;0.9623655913978495;1.0797085761069958;true;
0014.4F01.0000.0369;6239;623;-0.3118279569892473;0.3817204301075269;0.9516129032258065;1.0716875846567466;true;
0014.4F01.0000.0369;6251;624;-0.3172043010752688;0.3763440860215054;0.9408602150537635;1.0618245542343736;true;
0014.4F01.0000.0369;6259;625;-0.3172043010752688;0.3817204301075269;0.9408602150537635;1.0637419798302308;true;
0014.4F01.0000.0369;6269;626;-0.3118279569892473;0.3817204301075269;0.9516129032258065;1.0716875846567466;true;
0014.4F01.0000.0369;6279;627;-0.3118279569892473;0.3817204301075269;0.956989247311828;1.0764643890960919;true;
0014.4F01.0000.0369;6289;628;-0.2903225806451613;0.3817204301075269;0.9623655913978495;1.075241935147841;true;
0014.4F01.0000.0369;6299;629;-0.2903225806451613;0.3817204301075269;0.9623655913978495;1.075241935147841;true;
0014.4F01.0000.0369;6309;630;-0.2903225806451613;0.3817204301075269;0.9623655913978495;1.075241935147841;true;
0014.4F01.0000.0369;6319;631;-0.2956989247311828;0.3763440860215054;0.956989247311828;1.070000534878838;true;
0014.4F01.0000.0369;6331;632;-0.3064516129032258;0.3817204301075269;0.9516129032258065;1.0701355967345036;true;
0014.4F01.0000.0369;6339;633;-0.3118279569892473;0.3817204301075269;0.956989247311828;1.0764643890960919;true;
0014.4F01.0000.0369;6349;634;-0.3172043010752688;0.3763440860215054;0.9516129032258065;1.071363877163058;true;
0014.4F01.0000.0369;6359;635;-0.3172043010752688;0.3709677419354839;0.9516129032258065;1.0694871442720617;true;
0014.4F01.0000.0369;6369;636;-0.3225806451612903;0.3817204301075269;0.946236559139785;1.0701085857270978;true;
0014.4F01.0000.0369;6379;637;-0.2956989247311828;0.3763440860215054;0.9516129032258065;1.0651947440521794;true;
0014.4F01.0000.0369;6389;638;-0.3118279569892473;0.3817204301075269;0.9623655913978495;1.0812468233609271;true;
0014.4F01.0000.0369;6399;639;-0.2956989247311828;0.3763440860215054;0.9623655913978495;1.0748117308054805;true;
0014.4F01.0000.0369;6410;640;-0.2956989247311828;0.3817204301075269;0.9516129032258065;1.0671061139523572;true;
0014.4F01.0000.0369;6419;641;-0.2956989247311828;0.3870967741935484;0.9516129032258065;1.0690411050395008;true;
0014.4F01.0000.0369;6429;642;-0.3064516129032258;0.3817204301075269;0.9408602150537635;1.0605852262234647;true;
0014.4F01.0000.0369;6439;643;-0.3064516129032258;0.3817204301075269;0.9354838709677419;1.0558187110736648;true;
0014.4F01.0000.0369;6449;644;-0.3118279569892473;0.3709677419354839;0.946236559139785;1.0631168168030734;true;
0014.4F01.0000.0369;6459;645;-0.3064516129032258;0.3763440860215054;0.9516129032258065;1.0682296474635962;true;
0014.4F01.0000.0369;6469;646;-0.2956989247311828;0.3763440860215054;0.9623655913978495;1.0748117308054805;true;
0014.4F01.0000.0369;6479;647;-0.3010752688172043;0.3709677419354839;0.978494623655914;1.0889054649388037;true;
0014.4F01.0000.0369;6491;648;-0.3064516129032258;0.3763440860215054;0.967741935483871;1.0826227024353496;true;
0014.4F01.0000.0369;6499;649;-0.3010752688172043;0.3817204301075269;0.967741935483871;1.0829964256399445;true;
0014.4F01.0000.0369;6509;650;-0.3064516129032258;0.3763440860215054;0.9623655913978495;1.077819555232175;true;
0014.4F01.0000.0369;6519;651;-0.3064516129032258;0.3763440860215054;0.9623655913978495;1.077819555232175;true;
0014.4F01.0000.0369;6529;652;-0.2956989247311828;0.3763440860215054;0.946236559139785;1.0603944318145204;true;
0014.4F01.0000.0369;6539;653;-0.2956989247311828;0.3817204301075269;0.9516129032258065;1.0671061139523572;true;
0014.4F01.0000.0369;6549;654;-0.3172043010752688;0.3763440860215054;0.9516129032258065;1.071363877163058;true;
0014.4F01.0000.0369;6559;655;-0.3010752688172043;0.3763440860215054;0.9408602150537635;1.0571183154442687;true;
0014.4F01.0000.0369;6571;656;-0.3064516129032258;0.3763440860215054;0.9516129032258065;1.0682296474635962;true;
0014.4F01.0000.0369;6579;657;-0.3118279569892473;0.3709677419354839;0.956989247311828;1.0726985409644496;true;
0014.4F01.0000.0369;6589;658;-0.3225806451612903;0.3709677419354839;0.9516129032258065;1.071094046186064;true;
0014.4F01.0000.0369;6599;659;-0.3333333333333333;0.3655913978494624;0.9623655913978495;1.0820885882399682;true;
0014.4F01.0000.0369;6609;660;-0.3333333333333333;0.3655913978494624;0.967741935483871;1.0868728697445271;true;
0014.4F01.0000.0369;6619;661;-0.3225806451612903;0.3709677419354839;0.956989247311828;1.0758734858987116;true;
0014.4F01.0000.0369;6629;662;-0.3064516129032258;0.3763440860215054;0.956989247311828;1.0730218458189982;true;
0014.4F01.0000.0369;6639;663;-0.3010752688172043;0.3817204301075269;0.967741935483871;1.0829964256399445;true;
0014.4F01.0000.0369;6650;664;-0.2849462365591398;0.3763440860215054;0.967741935483871;1.0767328742574216;true;
0014.4F01.0000.0369;6659;665;-0.3010752688172043;0.3817204301075269;0.967741935483871;1.0829964256399445;true;
0014.4F01.0000.0369;6669;666;-0.3064516129032258;0.3817204301075269;0.956989247311828;1.0749192980326119;true;
0014.4F01.0000.0369;6679;667;-0.3064516129032258;0.3817204301075269;0.9408602150537635;1.0605852262234647;true;
0014.4F01.0000.0369;6689;668;-0.3118279569892473;0.3763440860215054;0.946236559139785;1.0650047754334953;true;
0014.4F01.0000.0369;6699;669;-0.3118279569892473;0.3763440860215054;0.946236559139785;1.0650047754334953;true;
0014.4F01.0000.0369;6709;670;-0.3172043010752688;0.3763440860215054;0.946236559139785;1.0665913301526089;true;
0014.4F01.0000.0369;6719;671;-0.3172043010752688;0.3709677419354839;0.946236559139785;1.0647061848369537;true;
0014.4F01.0000.0369;6730;672;-0.3225806451612903;0.3763440860215054;0.946236559139785;1.0682025882615789;true;
0014.4F01.0000.0369;6739;673;-0.3118279569892473;0.3709677419354839;0.956989247311828;1.0726985409644496;true;
0014.4F01.0000.0369;6749;674;-0.3172043010752688;0.3817204301075269;0.9623655913978495;1.0828095801611;true;
0014.4F01.0000.0369;6759;675;-0.3172043010752688;0.3709677419354839;0.9838709677419355;1.09828853920216;true;
0014.4F01.0000.0369;6769;676;-0.3010752688172043;0.3763440860215054;0.9731182795698925;1.0859283469040586;true;
0014.4F01.0000.0369;6779;677;-0.3010752688172043;0.3817204301075269;0.946236559139785;1.063823495748955;true;
0014.4F01.0000.0369;6789;678;-0.3225806451612903;0.3709677419354839;0.9408602150537635;1.0615522985046004;true;
0014.4F01.0000.0369;6799;679;-0.3118279569892473;0.3763440860215054;0.9301075268817204;1.050700507949568;true;
0014.4F01.0000.0369;6810;680;-0.3118279569892473;0.3763440860215054;0.9193548387096774;1.0411939614223409;true;
0014.4F01.0000.0369;6819;681;-0.3279569892473118;0.3763440860215054;0.9301075268817204;1.0555996729070891;true;
0014.4F01.0000.0369;6829;682;-0.3172043010752688;0.3763440860215054;0.956989247311828;1.0761421184836468;true;
0014.4F01.0000.0369;6839;683;-0.3172043010752688;0.3817204301075269;0.9946236559139785;1.1115778300622108;true;
0014.4F01.0000.0369;6849;684;-0.3010752688172043;0.3709677419354839;1.0;1.1082704467096753;true;
0014.4F01.0000.0369;6859;685;-0.3064516129032258;0.3709677419354839;1.0053763440860215;1.114590171253755;true;
0014.4F01.0000.0369;6869;686;-0.2956989247311828;0.3709677419354839;0.9946236559139785;1.101966939861436;true;
0014.4F01.0000.0369;6879;687;-0.3010752688172043;0.3709677419354839;0.9731182795698925;1.0840768280353248;true;
0014.4F01.0000.0369;6890;688;-0.3010752688172043;0.3709677419354839;0.956989247311828;1.069622270953874;true;
0014.4F01.0000.0369;6899;689;-0.3064516129032258;0.3763440860215054;0.9354838709677419;1.053886870102831;true;
0014.4F01.0000.0369;6909;690;-0.3172043010752688;0.3655913978494624;0.9247311827956989;1.043744891837515;true;
0014.4F01.0000.0369;6919;691;-0.3225806451612903;0.3602150537634409;0.9086021505376344;1.0292575117783145;true;
0014.4F01.0000.0369;6929;692;-0.3118279569892473;0.3655913978494624;0.9139784946236559;1.032594031348301;true;
0014.4F01.0000.0369;6939;693;-0.3118279569892473;0.3602150537634409;0.9408602150537635;1.0546134381795542;true;
0014.4F01.0000.0369;6949;694;-0.3010752688172043;0.3709677419354839;0.956989247311828;1.069622270953874;true;
0014.4F01.0000.0369;6959;695;-0.2903225806451613;0.3655913978494624;0.989247311827957;1.09387134297084;true;
0014.4F01.0000.0369;6971;696;-0.2849462365591398;0.3763440860215054;0.978494623655914;1.0864073625192847;true;
0014.4F01.0000.0369;6979;697;-0.2849462365591398;0.3763440860215054;0.978494623655914;1.0864073625192847;true;
0014.4F01.0000.0369;6989;698;-0.2956989247311828;0.3655913978494624;0.9838709677419355;1.0904572460367965;true;
0014.4F01.0000.0369;6999;699;-0.3010752688172043;0.3655913978494624;0.967741935483871;1.077417208591428;true;
0014.4F01.0000.0369;7009;700;-0.3118279569892473;0.3655913978494624;0.9516129032258065;1.0660491839157609;true;
0014.4F01.0000.0369;7019;701;-0.3279569892473118;0.3602150537634409;0.9408602150537635;1.059494509671935;true;
0014.4F01.0000.0369;7029;702;-0.3279569892473118;0.3548387096774194;0.9408602150537635;1.0576787040272255;true;
0014.4F01.0000.0369;7039;703;-0.3279569892473118;0.3655913978494624;0.9408602150537635;1.0613344436362646;true;
0014.4F01.0000.0369;7050;704;-0.3279569892473118;0.3602150537634409;0.9408602150537635;1.059494509671935;true;
0014.4F01.0000.0369;7059;705;-0.3118279569892473;0.3709677419354839;0.956989247311828;1.0726985409644496;true;
0014.4F01.0000.0369;7069;706;-0.2956989247311828;0.3655913978494624;0.978494623655914;1.0856088857375064;true;
0014.4F01.0000.0369;7079;707;-0.27956989247311825;0.3763440860215054;0.989247311827957;1.0947166025139257;true;
0014.4F01.0000.0369;7089;708;-0.2849462365591398;0.3763440860215054;0.9946236559139785;1.1009566048288495;true;
0014.4F01.0000.0369;7099;709;-0.2849462365591398;0.3709677419354839;0.9946236559139785;1.0991304018130048;true;
0014.4F01.0000.0369;7109;710;-0.2956989247311828;0.3817204301075269;0.9838709677419355;1.0959700826273069;true;
0014.4F01.0000.0369;7119;711;-0.2956989247311828;0.3763440860215054;0.967741935483871;1.07962825957114;true;
0014.4F01.0000.0369;7131;712;-0.3010752688172043;0.3709677419354839;0.956989247311828;1.069622270953874;true;
0014.4F01.0000.0369;7139;713;-0.3064516129032258;0.3709677419354839;0.956989247311828;1.0711480178192738;true;
0014.4F01.0000.0369;7149;714;-0.3064516129032258;0.3655913978494624;0.9623655913978495;1.0741122812532427;true;
0014.4F01.0000.0369;7159;715;-0.3118279569892473;0.3655913978494624;0.946236559139785;1.0612527365308941;true;
0014.4F01.0000.0369;7169;716;-0.3010752688172043;0.3709677419354839;0.956989247311828;1.069622270953874;true;
0014.4F01.0000.0369;7179;717;-0.2956989247311828;0.3763440860215054;0.967741935483871;1.07962825957114;true;
0014.4F01.0000.0369;7189;718;-0.2849462365591398;0.3763440860215054;0.978494623655914;1.0864073625192847;true;
0014.4F01.0000.0369;7199;719;-0.27419354838709675;0.3817204301075269;0.978494623655914;1.0855156918543882;true;
0014.4F01.0000.0369;7210;720;-0.27956989247311825;0.3870967741935484;0.967741935483871;1.0791328421758606;true;
0014.4F01.0000.0369;7219;721;-0.2849462365591398;0.3763440860215054;0.9623655913978495;1.0719033353428433;true;
0014.4F01.0000.0369;7229;722;-0.2956989247311828;0.3763440860215054;0.9516129032258065;1.0651947440521794;true;
0014.4F01.0000.0369;7239;723;-0.2956989247311828;0.3763440860215054;0.9408602150537635;1.0555996729070893;true;
0014.4F01.0000.0369;7249;724;-0.3010752688172043;0.3763440860215054;0.9408602150537635;1.0571183154442687;true;
0014.4F01.0000.0369;7259;725;-0.2956989247311828;0.3709677419354839;0.9408602150537635;1.05369486281129;true;
0014.4F01.0000.0369;7269;726;-0.2956989247311828;0.3763440860215054;0.946236559139785;1.0603944318145204;true;
0014.4F01.0000.0369;7279;727;-0.2956989247311828;0.3709677419354839;0.9408602150537635;1.05369486281129;true;
0014.4F01.0000.0369;7291;728;-0.2956989247311828;0.3709677419354839;0.9623655913978495;1.072941028738496;true;
0014.4F01.0000.0369;7299;729;-0.2956989247311828;0.3709677419354839;0.9623655913978495;1.072941028738496;true;
0014.4F01.0000.0369;7309;730;-0.2903225806451613;0.3655913978494624;0.9516129032258065;1.0599582013456184;true;
0014.4F01.0000.0369;7319;731;-0.3010752688172043;0.3709677419354839;0.946236559139785;1.0600127399719135;true;
0014.4F01.0000.0369;7329;732;-0.3064516129032258;0.3763440860215054;0.9516129032258065;1.0682296474635962;true;
0014.4F01.0000.0369;7339;733;-0.2903225806451613;0.3763440860215054;0.9623655913978495;1.0733450532901156;true;
0014.4F01.0000.0369;7349;734;-0.2903225806451613;0.3817204301075269;0.967741935483871;1.0800565454123272;true;
0014.4F01.0000.0369;7359;735;-0.26344086021505375;0.3870967741935484;0.9731182795698925;1.0799093413129484;true;
0014.4F01.0000.0369;7372;736;-0.2903225806451613;0.3709677419354839;0.9731182795698925;1.0811398856865126;true;
0014.4F01.0000.0369;7379;737;-0.2849462365591398;0.3763440860215054;0.967741935483871;1.0767328742574216;true;
0014.4F01.0000.0369;7389;738;-0.2956989247311828;0.3655913978494624;0.956989247311828;1.0662660754892095;true;
0014.4F01.0000.0369;7399;739;-0.3172043010752688;0.3602150537634409;0.9516129032258065;1.0658051281375487;true;
0014.4F01.0000.0369;7409;740;-0.3118279569892473;0.3548387096774194;0.9516129032258065;1.0624096677983836;true;
0014.4F01.0000.0369;7419;741;-0.3118279569892473;0.3709677419354839;0.9623655913978495;1.0774976899387452;true;
0014.4F01.0000.0369;7429;742;-0.3225806451612903;0.3655913978494624;0.9731182795698925;1.0884275487359119;true;
0014.4F01.0000.0369;7439;743;-0.3387096774193548;0.3655913978494624;0.956989247311828;1.078985512057278;true;
0014.4F01.0000.0369;7450;744;-0.34946236559139787;0.3602150537634409;0.9516129032258065;1.0758466189510392;true;
0014.4F01.0000.0369;7459;745;-0.3387096774193548;0.3655913978494624;0.956989247311828;1.078985512057278;true;
0014.4F01.0000.0369;7469;746;-0.3225806451612903;0.3655913978494624;0.9623655913978495;1.0788247653445535;true;
0014.4F01.0000.0369;7479;747;-0.3225806451612903;0.3655913978494624;0.9623655913978495;1.0788247653445535;true;
0014.4F01.0000.0369;7489;748;-0.3064516129032258;0.3655913978494624;0.967741935483871;1.07893193248072;true;
0014.4F01.0000.0369;7499;749;-0.3172043010752688;0.3655913978494624;0.9731182795698925;1.086846274702748;true;
0014.4F01.0000.0369;7509;750;-0.3118279569892473;0.3709677419354839;0.9731182795698925;1.087112195842668;true;
0014.4F01.0000.0369;7519;751;-0.3172043010752688;0.3655913978494624;0.956989247311828;1.0724290457986638;true;
0014.4F01.0000.0369;7532;752;-0.3387096774193548;0.3548387096774194;0.9516129032258065;1.0706081790500703;true;
0014.4F01.0000.0369;7539;753;-0.3387096774193548;0.3548387096774194;0.9516129032258065;1.0706081790500703;true;
0014.4F01.0000.0369;7549;754;-0.3333333333333333;0.3655913978494624;0.9516129032258065;1.072536851990869;true;
0014.4F01.0000.0369;7559;755;-0.3387096774193548;0.3709677419354839;0.9408602150537635;1.0665642293857645;true;
0014.4F01.0000.0369;7569;756;-0.3387096774193548;0.3655913978494624;0.9516129032258065;1.0742199185198977;true;
0014.4F01.0000.0369;7579;757;-0.3333333333333333;0.3655913978494624;0.9516129032258065;1.072536851990869;true;
0014.4F01.0000.0369;7589;758;-0.3387096774193548;0.3709677419354839;0.9516129032258065;1.0760615357497374;true;
0014.4F01.0000.0369;7599;759;-0.3387096774193548;0.3602150537634409;0.9516129032258065;1.0724020925572508;true;
0014.4F01.0000.0369;7610;760;-0.3333333333333333;0.3655913978494624;0.956989247311828;1.0773098907756737;true;
0014.4F01.0000.0369;7619;761;-0.3225806451612903;0.3602150537634409;0.956989247311828;1.072213400895984;true;
0014.4F01.0000.0369;7629;762;-0.3333333333333333;0.3602150537634409;0.956989247311828;1.0754972875555608;true;
0014.4F01.0000.0369;7639;763;-0.3333333333333333;0.3602150537634409;0.9354838709677419;1.0564071511068545;true;
0014.4F01.0000.0369;7649;764;-0.3172043010752688;0.3709677419354839;0.9301075268817204;1.050397851168495;true;
0014.4F01.0000.0369;7659;765;-0.3172043010752688;0.3709677419354839;0.9301075268817204;1.050397851168495;true;
0014.4F01.0000.0369;7669;766;-0.3172043010752688;0.3709677419354839;0.9516129032258065;1.0694871442720617;true;
0014.4F01.0000.0369;7679;767;-0.3172043010752688;0.3709677419354839;0.956989247311828;1.0742737331089411;true;
0014.4F01.0000.0369;7692;768;-0.3279569892473118;0.3817204301075269;0.978494623655914;1.100326316181325;true;
0014.4F01.0000.0369;7699;769;-0.3225806451612903;0.3817204301075269;0.978494623655914;1.0987358590296752;true;
0014.4F01.0000.0369;7709;770;-0.3279569892473118;0.3763440860215054;0.9838709677419355;1.1032645825208822;true;
0014.4F01.0000.0369;7719;771;-0.3279569892473118;0.3709677419354839;0.9731182795698925;1.0918479923441453;true;
0014.4F01.0000.0369;7729;772;-0.3225806451612903;0.3709677419354839;0.9731182795698925;1.090245167025497;true;
0014.4F01.0000.0369;7739;773;-0.3333333333333333;0.3763440860215054;0.967741935483871;1.090536765032955;true;
0014.4F01.0000.0369;7749;774;-0.3279569892473118;0.3709677419354839;0.967741935483871;1.0870590168187475;true;
0014.4F01.0000.0369;7759;775;-0.34408602150537637;0.3655913978494624;0.9516129032258065;1.075927217781375;true;
0014.4F01.0000.0369;7771;776;-0.3387096774193548;0.3763440860215054;0.9354838709677419;1.0637148064691382;true;
0014.4F01.0000.0369;7779;777;-0.3387096774193548;0.3709677419354839;0.9301075268817204;1.0570909718166481;true;
0014.4F01.0000.0369;7789;778;-0.34408602150537637;0.3763440860215054;0.9301075268817204;1.0607214869327342;true;
0014.4F01.0000.0369;7799;779;-0.3387096774193548;0.3763440860215054;0.9516129032258065;1.0779268223060106;true;
0014.4F01.0000.0369;7809;780;-0.3225806451612903;0.3763440860215054;0.9623655913978495;1.0825159006788627;true;
0014.4F01.0000.0369;7819;781;-0.3225806451612903;0.3817204301075269;0.9838709677419355;1.1035265472835722;true;
0014.4F01.0000.0369;7829;782;-0.3118279569892473;0.3709677419354839;0.9838709677419355;1.0967478386038663;true;
0014.4F01.0000.0369;7839;783;-0.3279569892473118;0.3817204301075269;0.9623655913978495;1.0860081975124172;true;
0014.4F01.0000.0369;7852;784;-0.3279569892473118;0.3709677419354839;0.9516129032258065;1.0727254867573164;true;
0014.4F01.0000.0369;7859;785;-0.3333333333333333;0.3709677419354839;0.9623655913978495;1.083916836373693;true;
0014.4F01.0000.0369;7869;786;-0.3333333333333333;0.3709677419354839;0.9516129032258065;1.0743813542004865;true;
0014.4F01.0000.0369;7879;787;-0.3387096774193548;0.3709677419354839;0.956989247311828;1.0808190091799341;true;
0014.4F01.0000.0369;7889;788;-0.34408602150537637;0.3655913978494624;0.946236559139785;1.0711750026161093;true;
0014.4F01.0000.0369;7899;789;-0.34408602150537637;0.3709677419354839;0.946236559139785;1.0730218458189982;true;
0014.4F01.0000.0369;7909;790;-0.3387096774193548;0.3763440860215054;0.9354838709677419;1.0637148064691382;true;
0014.4F01.0000.0369;7919;791;-0.3387096774193548;0.3763440860215054;0.946236559139785;1.073183461721986;true;
0014.4F01.0000.0369;7932;792;-0.3118279569892473;0.3763440860215054;0.9838709677419355;1.09857800224149;true;
0014.4F01.0000.0369;7939;793;-0.3010752688172043;0.3817204301075269;0.989247311827957;1.102255436917263;true;
0014.4F01.0000.0369;7949;794;-0.3172043010752688;0.3817204301075269;0.9838709677419355;1.101966939861436;true;
0014.4F01.0000.0369;7959;795;-0.3172043010752688;0.3763440860215054;0.9731182795698925;1.0905102593451743;true;
0014.4F01.0000.0369;7969;796;-0.34408602150537637;0.3817204301075269;0.956989247311828;1.0862477141183464;true;
0014.4F01.0000.0369;7979;797;-0.34408602150537637;0.3655913978494624;0.9516129032258065;1.075927217781375;true;
0014.4F01.0000.0369;7989;798;-0.34408602150537637;0.3763440860215054;0.9516129032258065;1.07962825957114;true;
0014.4F01.0000.0369;7999;799;-0.34408602150537637;0.3709677419354839;0.956989247311828;1.0825159006788627;true;
0014.4F01.0000.0369;8011;800;-0.3387096774193548;0.3817204301075269;0.9516129032258065;1.0798156555286866;true;
0014.4F01.0000.0369;8019;801;-0.3333333333333333;0.3817204301075269;0.9516129032258065;1.0781413244368452;true;
0014.4F01.0000.0369;8029;802;-0.3387096774193548;0.3763440860215054;0.956989247311828;1.0826760993627524;true;
0014.4F01.0000.0369;8039;803;-0.3333333333333333;0.3709677419354839;0.9516129032258065;1.0743813542004865;true;
0014.4F01.0000.0369;8049;804;-0.3279569892473118;0.3817204301075269;0.956989247311828;1.0812468233609271;true;
0014.4F01.0000.0369;8059;805;-0.3225806451612903;0.3763440860215054;0.9516129032258065;1.0729679684416886;true;
0014.4F01.0000.0369;8069;806;-0.3333333333333333;0.3817204301075269;0.946236559139785;1.073398911740312;true;
0014.4F01.0000.0369;8079;807;-0.3279569892473118;0.3763440860215054;0.946236559139785;1.0698384381448554;true;
0014.4F01.0000.0369;8092;808;-0.3333333333333333;0.3870967741935484;0.946236559139785;1.0753225793011425;true;
0014.4F01.0000.0369;8099;809;-0.3387096774193548;0.3817204301075269;0.946236559139785;1.0750806286933545;true;
0014.4F01.0000.0369;8109;810;-0.3333333333333333;0.3817204301075269;0.9301075268817204;1.0592080104656576;true;
0014.4F01.0000.0369;8119;811;-0.3279569892473118;0.3870967741935484;0.9301075268817204;1.0594808686093593;true;
0014.4F01.0000.0369;8129;812;-0.3279569892473118;0.3870967741935484;0.946236559139785;1.073668163465748;true;
0014.4F01.0000.0369;8139;813;-0.3279569892473118;0.3870967741935484;0.946236559139785;1.073668163465748;true;
0014.4F01.0000.0369;8149;814;-0.3333333333333333;0.3870967741935484;0.946236559139785;1.0753225793011425;true;
0014.4F01.0000.0369;8159;815;-0.34408602150537637;0.3817204301075269;0.9354838709677419;1.0673498722526107;true;
0014.4F01.0000.0369;8170;816;-0.3333333333333333;0.3924731182795699;0.956989247311828;1.0867265889604705;true;
0014.4F01.0000.0369;8179;817;-0.3172043010752688;0.3978494623655914;0.978494623655914;1.10288462309018;true;
0014.4F01.0000.0369;8189;818;-0.3225806451612903;0.3924731182795699;0.9946236559139785;1.1168570356623322;true;
0014.4F01.0000.0369;8199;819;-0.3279569892473118;0.3870967741935484;0.989247311827957;1.1117598406787554;true;
0014.4F01.0000.0369;8209;820;-0.3333333333333333;0.3817204301075269;0.967741935483871;1.0924037951081345;true;
0014.4F01.0000.0369;8219;821;-0.3279569892473118;0.3870967741935484;0.9623655913978495;1.08790956926288;true;
0014.4F01.0000.0369;8229;822;-0.3279569892473118;0.3870967741935484;0.967741935483871;1.0926683637230836;true;
0014.4F01.0000.0369;8239;823;-0.3118279569892473;0.3817204301075269;0.9838709677419355;1.1004313893591984;true;
0014.4F01.0000.0369;8250;824;-0.3225806451612903;0.3817204301075269;0.9731182795698925;1.0939506137971755;true;
0014.4F01.0000.0369;8259;825;-0.3387096774193548;0.3817204301075269;0.9731182795698925;1.0988147789195712;true;
0014.4F01.0000.0369;8269;826;-0.3333333333333333;0.3870967741935484;0.9516129032258065;1.0800565454123272;true;
0014.4F01.0000.0369;8279;827;-0.3387096774193548;0.3817204301075269;0.9516129032258065;1.0798156555286866;true;
0014.4F01.0000.0369;8290;828;-0.34408602150537637;0.3763440860215054;0.9408602150537635;1.0701626070601489;true;
0014.4F01.0000.0369;8296;829;0.0;0.0;0.0;0.0;true;
0014.4F01.0000.0369;8297;830;0.0;0.0;0.0;0.0;true;
