0014.4F01.0000.0369;0;0;-0.43010752688172044;-0.07526881720430108;0.9838709677419355;1.0764106840277539;true;
0014.4F01.0000.0369;13;1;-0.7258064516129032;-0.016129032258064516;1.0268817204301075;1.2575934234234818;true;
0014.4F01.0000.0369;41;2;-1.075268817204301;-0.0967741935483871;1.1720430107526882;1.5935034022063157;true;
0014.4F01.0000.0369;51;3;-1.032258064516129;0.0;1.2311827956989247;1.606663557868792;true;
0014.4F01.0000.0369;61;4;-0.9354838709677419;0.053763440860215055;1.1827956989247312;1.508981857349108;true;
0014.4F01.0000.0369;70;5;-0.8440860215053764;0.0913978494623656;1.1236559139784945;1.4083456222128026;true;
0014.4F01.0000.0369;80;6;-0.7311827956989247;0.12903225806451613;1.0376344086021505;1.2759164432918237;true;
0014.4F01.0000.0369;90;7;-0.6397849462365591;0.22580645161290322;0.9247311827956989;1.1469268030069135;true;
0014.4F01.0000.0369;100;8;-0.5591397849462365;0.20430107526881722;0.8548387096774194;1.0416935480402447;true;
0014.4F01.0000.0369;115;9;-0.46236559139784944;0.12903225806451613;0.967741935483871;1.0802572459483804;true;
0014.4F01.0000.0369;121;10;-0.3602150537634409;0.11827956989247312;0.9731182795698925;1.0443678124323894;true;
0014.4F01.0000.0369;131;11;-0.23655913978494625;0.15053763440860216;0.9301075268817204;0.9714534561939454;true;
0014.4F01.0000.0369;140;12;-0.0913978494623656;0.17204301075268819;0.9623655913978495;0.9818858874338339;true;
0014.4F01.0000.0369;150;13;0.05913978494623656;0.1935483870967742;1.0053763440860215;1.0255437999222774;true;
0014.4F01.0000.0369;160;14;0.16666666666666666;0.17204301075268819;1.043010752688172;1.0701626070601489;true;
0014.4F01.0000.0369;170;15;0.16129032258064516;0.1935483870967742;1.053763440860215;1.0834633983663182;true;
0014.4F01.0000.0369;180;16;0.043010752688172046;0.3064516129032258;0.9623655913978495;1.0108956659340886;true;
0014.4F01.0000.0369;195;17;0.043010752688172046;0.11290322580645161;0.8709677419354839;0.8793076087106839;true;
0014.4F01.0000.0369;201;18;0.10752688172043011;0.06451612903225806;0.8817204301075269;0.8905926555203724;true;
0014.4F01.0000.0369;211;19;0.1935483870967742;0.0913978494623656;0.8709677419354839;0.8968831320335463;true;
0014.4F01.0000.0369;220;20;0.23655913978494625;0.14516129032258066;0.9193548387096774;0.9603360590349647;true;
0014.4F01.0000.0369;230;21;0.17204301075268819;0.14516129032258066;1.0268817204301075;1.05126431762448;true;
0014.4F01.0000.0369;240;22;0.026881720430107527;0.0967741935483871;1.118279569892473;1.122780952754863;true;
0014.4F01.0000.0369;250;23;-0.12903225806451613;0.03225806451612903;1.1021505376344085;1.1101467083027226;true;
0014.4F01.0000.0369;260;24;-0.1989247311827957;0.010752688172043012;1.0376344086021505;1.0565849870664485;true;
0014.4F01.0000.0369;274;25;0.021505376344086023;0.06989247311827956;0.8172043010752689;0.8204695659841436;true;
0014.4F01.0000.0369;281;26;0.15053763440860216;0.0913978494623656;0.7150537634408602;0.736421775119816;true;
0014.4F01.0000.0369;291;27;0.23118279569892472;0.11290322580645161;0.6989247311827957;0.7447740619030826;true;
0014.4F01.0000.0369;300;28;0.21505376344086022;0.0967741935483871;0.8494623655913979;0.881589290011597;true;
0014.4F01.0000.0369;310;29;0.1774193548387097;0.10752688172043011;1.032258064516129;1.0528990310198258;true;
0014.4F01.0000.0369;320;30;0.12903225806451613;0.12365591397849462;1.1666666666666667;1.180275908334232;true;
0014.4F01.0000.0369;330;31;0.04838709677419355;0.16129032258064516;1.2365591397849462;1.2479721092548863;true;
0014.4F01.0000.0369;340;32;-0.043010752688172046;0.16129032258064516;1.2258064516129032;1.2371200223991157;true;
0014.4F01.0000.0369;354;33;-0.14516129032258066;0.13978494623655913;1.1559139784946237;1.1733493755406972;true;
0014.4F01.0000.0369;361;34;-0.14516129032258066;0.13978494623655913;1.10752688172043;1.12571196366382;true;
0014.4F01.0000.0369;371;35;-0.13440860215053763;0.17204301075268819;1.053763440860215;1.0761421184836466;true;
0014.4F01.0000.0369;380;36;-0.12365591397849462;0.16129032258064516;1.0591397849462365;1.0784629976387625;true;
0014.4F01.0000.0369;390;37;-0.11827956989247312;0.14516129032258066;1.0913978494623655;1.1073441753461934;true;
0014.4F01.0000.0369;400;38;-0.16129032258064516;0.13440860215053763;1.096774193548387;1.1166887982441414;true;
0014.4F01.0000.0369;410;39;-0.22580645161290322;0.10215053763440861;1.10752688172043;1.1349180938122312;true;
0014.4F01.0000.0369;420;40;-0.2849462365591398;0.07526881720430108;1.1236559139784945;1.1616636198105705;true;
0014.4F01.0000.0369;432;41;-0.25806451612903225;0.04838709677419355;1.0913978494623655;1.1225363563957396;true;
0014.4F01.0000.0369;441;42;-0.23118279569892472;0.03763440860215054;1.075268817204301;1.1004839221860268;true;
0014.4F01.0000.0369;451;43;-0.1989247311827957;0.043010752688172046;1.0913978494623655;1.1102117993130982;true;
0014.4F01.0000.0369;460;44;-0.1827956989247312;0.03763440860215054;1.1397849462365592;1.154963350034836;true;
0014.4F01.0000.0369;470;45;-0.1881720430107527;0.021505376344086023;1.2258064516129032;1.2403518274257341;true;
0014.4F01.0000.0369;480;46;-0.20430107526881722;0.0;1.2795698924731183;1.295777002064654;true;
0014.4F01.0000.0369;490;47;-0.24193548387096775;-0.016129032258064516;1.3172043010752688;1.339335691605599;true;
0014.4F01.0000.0369;500;48;-0.3064516129032258;-0.05913978494623656;1.3548387096774193;1.3903229964489725;true;
0014.4F01.0000.0369;512;49;-0.3709677419354839;-0.08602150537634409;1.446236559139785;1.4955323299535885;true;
0014.4F01.0000.0369;521;50;-0.3870967741935484;-0.08064516129032258;1.5268817204301075;1.577249296342908;true;
0014.4F01.0000.0369;531;51;-0.3870967741935484;-0.07526881720430108;1.6451612903225807;1.6917638660907273;true;
0014.4F01.0000.0369;540;52;-0.34946236559139787;-0.12365591397849462;1.8440860215053763;1.8809752748875037;true;
0014.4F01.0000.0369;550;53;-0.3010752688172043;-0.13440860215053763;2.0698924731182795;2.095988272891125;true;
0014.4F01.0000.0369;560;54;-0.2956989247311828;-0.11290322580645161;2.2419354838709675;2.2641686567754684;true;
0014.4F01.0000.0369;570;55;-0.3225806451612903;-0.03763440860215054;2.327956989247312;2.3505017262552514;true;
0014.4F01.0000.0369;580;56;-0.34408602150537637;0.016129032258064516;2.338709677419355;2.363941262200041;true;
0014.4F01.0000.0369;595;57;-0.34408602150537637;0.10752688172043011;2.172043010752688;2.2017556769649804;true;
0014.4F01.0000.0369;601;58;-0.3333333333333333;0.16129032258064516;2.0268817204301075;2.0604308257942057;true;
0014.4F01.0000.0369;611;59;-0.3225806451612903;0.15053763440860216;1.7634408602150538;1.79901181749371;true;
0014.4F01.0000.0369;620;60;-0.3279569892473118;0.14516129032258066;1.4946236559139785;1.5370515475487296;true;
0014.4F01.0000.0369;630;61;-0.3602150537634409;0.15053763440860216;1.096774193548387;1.1641864524056493;true;
0014.4F01.0000.0369;640;62;-0.3602150537634409;0.08602150537634409;0.7204301075268817;0.8100457543720635;true;
0014.4F01.0000.0369;650;63;-0.3548387096774194;0.053763440860215055;0.4946236559139785;0.6111084833713042;true;
0014.4F01.0000.0369;660;64;-0.3279569892473118;0.0913978494623656;0.3602150537634409;0.4956452750105717;true;
0014.4F01.0000.0369;673;65;-0.3064516129032258;0.06451612903225806;0.3010752688172043;0.43442057898958625;true;
0014.4F01.0000.0369;681;66;-0.3225806451612903;0.05913978494623656;0.3387096774193548;0.4714658337288979;true;
0014.4F01.0000.0369;691;67;-0.3064516129032258;0.08064516129032258;0.34946236559139787;0.47174164333379187;true;
0014.4F01.0000.0369;700;68;-0.20967741935483872;0.11290322580645161;0.40860215053763443;0.4729349595967581;true;
0014.4F01.0000.0369;710;69;-0.11827956989247312;0.0967741935483871;0.43010752688172044;0.45645129627507797;true;
0014.4F01.0000.0369;720;70;-0.13440860215053763;0.0913978494623656;0.4032258064516129;0.4347531370869684;true;
0014.4F01.0000.0369;730;71;-0.1935483870967742;0.06451612903225806;0.3924731182795699;0.4423329714425084;true;
0014.4F01.0000.0369;740;72;-0.1935483870967742;0.043010752688172046;0.3548387096774194;0.40647436927818925;true;
0014.4F01.0000.0369;753;73;-0.16666666666666666;0.05913978494623656;0.3655913978494624;0.40611865522626356;true;
0014.4F01.0000.0369;761;74;-0.1881720430107527;0.0967741935483871;0.3924731182795699;0.445880153045491;true;
0014.4F01.0000.0369;771;75;-0.20430107526881722;0.11290322580645161;0.43548387096774194;0.4940974292855068;true;
0014.4F01.0000.0369;780;76;-0.1881720430107527;0.14516129032258066;0.5053763440860215;0.5584673375773286;true;
0014.4F01.0000.0369;790;77;-0.17204301075268819;0.15591397849462366;0.5645161290322581;0.6103985797627945;true;
0014.4F01.0000.0369;800;78;-0.21505376344086022;0.15591397849462366;0.5913978494623656;0.648312198102743;true;
0014.4F01.0000.0369;810;79;-0.2956989247311828;0.06989247311827956;0.6451612903225806;0.7131310555686552;true;
0014.4F01.0000.0369;820;80;-0.3279569892473118;0.005376344086021506;0.6935483870967742;0.767198838057273;true;
0014.4F01.0000.0369;835;81;-0.3064516129032258;-0.04838709677419355;0.7526881720430108;0.8141212357620163;true;
0014.4F01.0000.0369;841;82;-0.2956989247311828;-0.05913978494623656;0.7849462365591398;0.8408780901765854;true;
0014.4F01.0000.0369;851;83;-0.23118279569892472;-0.06989247311827956;0.8172043010752689;0.8521462976048648;true;
0014.4F01.0000.0369;860;84;-0.1935483870967742;-0.07526881720430108;0.7956989247311828;0.822352206666619;true;
0014.4F01.0000.0369;870;85;-0.1827956989247312;-0.0967741935483871;0.7634408602150538;0.7909623626495909;true;
0014.4F01.0000.0369;880;86;-0.1774193548387097;-0.11290322580645161;0.7526881720430108;0.7815140754985386;true;
0014.4F01.0000.0369;890;87;-0.15591397849462366;-0.12903225806451613;0.7365591397849462;0.7638572240360039;true;
0014.4F01.0000.0369;900;88;-0.14516129032258066;-0.11827956989247312;0.7311827956989247;0.7547782042349662;true;
0014.4F01.0000.0369;915;89;-0.1774193548387097;-0.10752688172043011;0.7688172043010753;0.7963162383081389;true;
0014.4F01.0000.0369;921;90;-0.1774193548387097;-0.10752688172043011;0.8010752688172043;0.8275030175621473;true;
0014.4F01.0000.0369;931;91;-0.1774193548387097;-0.10752688172043011;0.8602150537634409;0.8848782947304917;true;
0014.4F01.0000.0369;940;92;-0.15591397849462366;-0.0967741935483871;0.9193548387096774;0.9374901240471067;true;
0014.4F01.0000.0369;950;93;-0.14516129032258066;-0.0913978494623656;0.9623655913978495;0.9775340907615419;true;
0014.4F01.0000.0369;960;94;-0.15053763440860216;-0.0913978494623656;0.9838709677419355;0.9995084929229645;true;
0014.4F01.0000.0369;970;95;-0.15591397849462366;-0.10215053763440861;0.978494623655914;0.9960901713964201;true;
0014.4F01.0000.0369;980;96;-0.15053763440860216;-0.11827956989247312;0.9731182795698925;0.991771557396336;true;
0014.4F01.0000.0369;995;97;-0.12365591397849462;-0.12903225806451613;0.9623655913978495;0.9788195135925812;true;
0014.4F01.0000.0369;1001;98;-0.12365591397849462;-0.12365591397849462;0.967741935483871;0.9834154889047572;true;
0014.4F01.0000.0369;1011;99;-0.12903225806451613;-0.12365591397849462;0.978494623655914;0.9946817768545946;true;
0014.4F01.0000.0369;1020;100;-0.11827956989247312;-0.10752688172043011;0.9838709677419355;0.9967718736561142;true;
0014.4F01.0000.0369;1030;101;-0.13440860215053763;-0.10215053763440861;0.9731182795698925;0.9876535782875125;true;
0014.4F01.0000.0369;1040;102;-0.15591397849462366;-0.10752688172043011;0.9946236559139785;1.012495637465283;true;
0014.4F01.0000.0369;1050;103;-0.15591397849462366;-0.11290322580645161;1.010752688172043;1.0289204554942697;true;
0014.4F01.0000.0369;1060;104;-0.16666666666666666;-0.11827956989247312;1.0268817204301075;1.0470214430398375;true;
0014.4F01.0000.0369;1072;105;-0.1827956989247312;-0.12903225806451613;1.0376344086021505;1.061484223661258;true;
0014.4F01.0000.0369;1081;106;-0.1827956989247312;-0.13440860215053763;1.0376344086021505;1.0621511689927083;true;
0014.4F01.0000.0369;1091;107;-0.17204301075268819;-0.12903225806451613;1.010752688172043;1.033377529181416;true;
0014.4F01.0000.0369;1100;108;-0.17204301075268819;-0.11290322580645161;0.9946236559139785;1.015688019447921;true;
0014.4F01.0000.0369;1110;109;-0.1827956989247312;-0.12365591397849462;0.967741935483871;0.992587278933851;true;
0014.4F01.0000.0369;1120;110;-0.1774193548387097;-0.12903225806451613;0.9623655913978495;0.9870534345207176;true;
0014.4F01.0000.0369;1130;111;-0.17204301075268819;-0.12903225806451613;0.946236559139785;0.9703668105529873;true;
0014.4F01.0000.0369;1140;112;-0.17204301075268819;-0.12903225806451613;0.946236559139785;0.9703668105529873;true;
0014.4F01.0000.0369;1154;113;-0.16666666666666666;-0.12903225806451613;0.967741935483871;0.9904299849525329;true;
0014.4F01.0000.0369;1161;114;-0.16666666666666666;-0.12365591397849462;0.967741935483871;0.9897439146232239;true;
0014.4F01.0000.0369;1171;115;-0.15053763440860216;-0.12365591397849462;0.9731182795698925;0.9924271008332362;true;
0014.4F01.0000.0369;1180;116;-0.14516129032258066;-0.12365591397849462;1.0053763440860215;1.0233006295892462;true;
0014.4F01.0000.0369;1190;117;-0.14516129032258066;-0.10752688172043011;1.0161290322580645;1.0320620333576596;true;
0014.4F01.0000.0369;1200;118;-0.13978494623655913;-0.10215053763440861;0.9946236559139785;1.0095795067437952;true;
0014.4F01.0000.0369;1210;119;-0.15053763440860216;-0.10215053763440861;0.978494623655914;0.9952627995840423;true;
0014.4F01.0000.0369;1220;120;-0.16129032258064516;-0.11290322580645161;0.9623655913978495;0.9822979375231344;true;
0014.4F01.0000.0369;1232;121;-0.16666666666666666;-0.12903225806451613;0.956989247311828;0.9799262833853701;true;
0014.4F01.0000.0369;1241;122;-0.16129032258064516;-0.11827956989247312;0.956989247311828;0.9776671439107362;true;
0014.4F01.0000.0369;1251;123;-0.15591397849462366;-0.11290322580645161;0.967741935483871;0.9867019614765106;true;
0014.4F01.0000.0369;1260;124;-0.14516129032258066;-0.11827956989247312;0.9731182795698925;0.9909697487285535;true;
0014.4F01.0000.0369;1270;125;-0.13978494623655913;-0.12365591397849462;0.978494623655914;0.9961336982452422;true;
0014.4F01.0000.0369;1280;126;-0.15053763440860216;-0.11290322580645161;0.9838709677419355;1.0017039477491807;true;
0014.4F01.0000.0369;1290;127;-0.16666666666666666;-0.12365591397849462;0.9946236559139785;1.0160436898791916;true;
0014.4F01.0000.0369;1300;128;-0.1774193548387097;-0.12365591397849462;0.978494623655914;1.0021078490146507;true;
0014.4F01.0000.0369;1314;129;-0.17204301075268819;-0.11827956989247312;0.9623655913978495;0.9847519412061754;true;
0014.4F01.0000.0369;1321;130;-0.17204301075268819;-0.11290322580645161;0.956989247311828;0.9788638084109613;true;
0014.4F01.0000.0369;1331;131;-0.1774193548387097;-0.10752688172043011;0.946236559139785;0.9687121779024992;true;
0014.4F01.0000.0369;1340;132;-0.16129032258064516;-0.11290322580645161;0.967741935483871;0.9875657751510731;true;
0014.4F01.0000.0369;1350;133;-0.12903225806451613;-0.10752688172043011;0.978494623655914;0.9928056619687844;true;
0014.4F01.0000.0369;1360;134;-0.12365591397849462;-0.11290322580645161;0.9946236559139785;1.0086199186824776;true;
0014.4F01.0000.0369;1370;135;-0.11827956989247312;-0.11290322580645161;0.989247311827957;1.0026701546422385;true;
0014.4F01.0000.0369;1380;136;-0.12365591397849462;-0.12365591397849462;0.967741935483871;0.9834154889047572;true;
0014.4F01.0000.0369;1392;137;-0.15053763440860216;-0.12365591397849462;0.9516129032258065;0.9713493099915411;true;
0014.4F01.0000.0369;1401;138;-0.16129032258064516;-0.11827956989247312;0.946236559139785;0.9671443794309187;true;
0014.4F01.0000.0369;1411;139;-0.15591397849462366;-0.11290322580645161;0.956989247311828;0.976158146284701;true;
0014.4F01.0000.0369;1420;140;-0.15591397849462366;-0.11290322580645161;0.967741935483871;0.9867019614765106;true;
0014.4F01.0000.0369;1430;141;-0.13978494623655913;-0.10752688172043011;0.9731182795698925;0.9889696898894044;true;
0014.4F01.0000.0369;1440;142;-0.11827956989247312;-0.10215053763440861;0.989247311827957;1.0015163667917695;true;
0014.4F01.0000.0369;1450;143;-0.12365591397849462;-0.11290322580645161;0.989247311827957;1.003318577231678;true;
0014.4F01.0000.0369;1460;144;-0.12903225806451613;-0.11290322580645161;0.978494623655914;0.9934023306507084;true;
0014.4F01.0000.0369;1474;145;-0.13978494623655913;-0.11290322580645161;0.967741935483871;0.984282186817342;true;
0014.4F01.0000.0369;1481;146;-0.14516129032258066;-0.11290322580645161;0.967741935483871;0.9850600957808046;true;
0014.4F01.0000.0369;1491;147;-0.15591397849462366;-0.10215053763440861;0.956989247311828;0.9749729844972526;true;
0014.4F01.0000.0369;1500;148;-0.17204301075268819;-0.0913978494623656;0.9516129032258065;0.9713493099915411;true;
0014.4F01.0000.0369;1510;149;-0.17204301075268819;-0.08602150537634409;0.9623655913978495;0.9814000348698764;true;
0014.4F01.0000.0369;1520;150;-0.15591397849462366;-0.0913978494623656;0.978494623655914;0.9950449558185278;true;
0014.4F01.0000.0369;1530;151;-0.13978494623655913;-0.08602150537634409;1.0;1.0133802497491107;true;
0014.4F01.0000.0369;1540;152;-0.12365591397849462;-0.0913978494623656;1.0161290322580645;1.0276976997862322;true;
0014.4F01.0000.0369;1552;153;-0.10752688172043011;-0.0913978494623656;1.0376344086021505;1.047187071680127;true;
0014.4F01.0000.0369;1561;154;-0.11290322580645161;-0.10752688172043011;1.0376344086021505;1.049282771518315;true;
0014.4F01.0000.0369;1571;155;-0.10752688172043011;-0.10752688172043011;1.0268817204301075;1.03808002020005;true;
0014.4F01.0000.0369;1580;156;-0.10752688172043011;-0.0913978494623656;1.0;1.0099087073487705;true;
0014.4F01.0000.0369;1590;157;-0.0967741935483871;-0.06989247311827956;0.978494623655914;0.9857494259998627;true;
0014.4F01.0000.0369;1600;158;-0.11827956989247312;-0.07526881720430108;0.9623655913978495;0.9725240269545095;true;
0014.4F01.0000.0369;1610;159;-0.14516129032258066;-0.08602150537634409;0.9731182795698925;0.9876389449735143;true;
0014.4F01.0000.0369;1620;160;-0.13978494623655913;-0.0913978494623656;0.9838709677419355;0.9979456294038046;true;
0014.4F01.0000.0369;1634;161;-0.12365591397849462;-0.0913978494623656;0.9838709677419355;0.9958144571724468;true;
0014.4F01.0000.0369;1641;162;-0.11827956989247312;-0.08064516129032258;0.989247311827957;0.9995518709163271;true;
0014.4F01.0000.0369;1651;163;-0.12365591397849462;-0.08602150537634409;1.0053763440860215;1.016598287278138;true;
0014.4F01.0000.0369;1660;164;-0.12365591397849462;-0.0913978494623656;1.0;1.0117531081979447;true;
0014.4F01.0000.0369;1670;165;-0.11290322580645161;-0.08602150537634409;0.989247311827957;0.9993783476459525;true;
0014.4F01.0000.0369;1680;166;-0.11290322580645161;-0.08064516129032258;0.9731182795698925;0.9829597990101692;true;
0014.4F01.0000.0369;1690;167;-0.12903225806451613;-0.0913978494623656;0.9731182795698925;0.9858813704197076;true;
0014.4F01.0000.0369;1700;168;-0.13978494623655913;-0.0913978494623656;0.956989247311828;0.9714534561939456;true;
0014.4F01.0000.0369;1712;169;-0.15053763440860216;-0.08602150537634409;0.956989247311828;0.97256860849557;true;
0014.4F01.0000.0369;1721;170;-0.12365591397849462;-0.07526881720430108;0.9623655913978495;0.9731925356329671;true;
0014.4F01.0000.0369;1731;171;-0.12903225806451613;-0.08064516129032258;0.9838709677419355;0.995567700774901;true;
0014.4F01.0000.0369;1741;172;-0.12365591397849462;-0.08602150537634409;1.010752688172043;1.0219155939196154;true;
0014.4F01.0000.0369;1750;173;-0.12365591397849462;-0.08602150537634409;1.021505376344086;1.0325520414724585;true;
0014.4F01.0000.0369;1760;174;-0.12365591397849462;-0.08064516129032258;1.010752688172043;1.021477079404335;true;
0014.4F01.0000.0369;1770;175;-0.13440860215053763;-0.06989247311827956;0.9946236559139785;1.0060948499193996;true;
0014.4F01.0000.0369;1780;176;-0.13440860215053763;-0.07526881720430108;0.9838709677419355;0.9958579960721552;true;
0014.4F01.0000.0369;1795;177;-0.13978494623655913;-0.08064516129032258;0.956989247311828;0.9705008463182085;true;
0014.4F01.0000.0369;1801;178;-0.14516129032258066;-0.08602150537634409;0.9516129032258065;0.9664567332173629;true;
0014.4F01.0000.0369;1811;179;-0.15053763440860216;-0.0967741935483871;0.956989247311828;0.973578575863673;true;
0014.4F01.0000.0369;1820;180;-0.15053763440860216;-0.10215053763440861;0.9516129032258065;0.9688464425791039;true;
0014.4F01.0000.0369;1830;181;-0.15053763440860216;-0.0913978494623656;0.956989247311828;0.9730588706394605;true;
0014.4F01.0000.0369;1840;182;-0.15591397849462366;-0.0967741935483871;0.9623655913978495;0.979705029451975;true;
0014.4F01.0000.0369;1850;183;-0.15053763440860216;-0.0967741935483871;0.9838709677419355;1.0000144524334293;true;
0014.4F01.0000.0369;1860;184;-0.13440860215053763;-0.0967741935483871;1.0;1.0136226698673438;true;
0014.4F01.0000.0369;1874;185;-0.12365591397849462;-0.0967741935483871;1.021505376344086;1.0335033930755477;true;
0014.4F01.0000.0369;1881;186;-0.12903225806451613;-0.0967741935483871;1.0161290322580645;1.0288502215365845;true;
0014.4F01.0000.0369;1891;187;-0.12903225806451613;-0.10215053763440861;0.9838709677419355;0.9975400428682948;true;
0014.4F01.0000.0369;1901;188;-0.13978494623655913;-0.0967741935483871;0.9516129032258065;0.9666810194253048;true;
0014.4F01.0000.0369;1910;189;-0.16666666666666666;-0.10752688172043011;0.946236559139785;0.9668006174610135;true;
0014.4F01.0000.0369;1920;190;-0.15591397849462366;-0.11290322580645161;0.9516129032258065;0.9708879568072584;true;
0014.4F01.0000.0369;1930;191;-0.15053763440860216;-0.0967741935483871;0.956989247311828;0.973578575863673;true;
0014.4F01.0000.0369;1940;192;-0.13978494623655913;-0.0913978494623656;0.9731182795698925;0.9873462331491272;true;
0014.4F01.0000.0369;1955;193;-0.14516129032258066;-0.0967741935483871;0.989247311827957;1.0045134586972424;true;
0014.4F01.0000.0369;1961;194;-0.14516129032258066;-0.10215053763440861;1.0053763440860215;1.0209251323162192;true;
0014.4F01.0000.0369;1971;195;-0.13978494623655913;-0.0967741935483871;0.9946236559139785;1.0090496978023364;true;
0014.4F01.0000.0369;1980;196;-0.13978494623655913;-0.0913978494623656;0.9946236559139785;1.0085482710234503;true;
0014.4F01.0000.0369;1990;197;-0.13440860215053763;-0.0913978494623656;0.978494623655914;0.9919027007433419;true;
0014.4F01.0000.0369;2000;198;-0.14516129032258066;-0.0967741935483871;0.978494623655914;0.9939259395289903;true;
0014.4F01.0000.0369;2010;199;-0.13978494623655913;-0.0913978494623656;0.978494623655914;0.992645519107517;true;
0014.4F01.0000.0369;2020;200;-0.13440860215053763;-0.08602150537634409;0.978494623655914;0.9914217569948738;true;
0014.4F01.0000.0369;2034;201;-0.12903225806451613;-0.08602150537634409;0.989247311827957;1.0013287506944357;true;
0014.4F01.0000.0369;2041;202;-0.12365591397849462;-0.08602150537634409;0.989247311827957;1.000650152854587;true;
0014.4F01.0000.0369;2051;203;-0.12365591397849462;-0.08602150537634409;1.0;1.011281604919752;true;
0014.4F01.0000.0369;2060;204;-0.11827956989247312;-0.08064516129032258;1.0;1.0101948815419184;true;
0014.4F01.0000.0369;2070;205;-0.11290322580645161;-0.08064516129032258;0.9946236559139785;1.0042544485043285;true;
0014.4F01.0000.0369;2080;206;-0.11290322580645161;-0.08064516129032258;0.989247311827957;0.9989299396834014;true;
0014.4F01.0000.0369;2090;207;-0.11290322580645161;-0.08602150537634409;0.9838709677419355;0.9940567986539641;true;
0014.4F01.0000.0369;2100;208;-0.11827956989247312;-0.08602150537634409;0.9838709677419355;0.9946817768545946;true;
0014.4F01.0000.0369;2112;209;-0.11290322580645161;-0.08602150537634409;0.9838709677419355;0.9940567986539641;true;
0014.4F01.0000.0369;2121;210;-0.12903225806451613;-0.0967741935483871;0.9731182795698925;0.9863943198291625;true;
0014.4F01.0000.0369;2131;211;-0.13978494623655913;-0.0967741935483871;0.967741935483871;0.9825627356181218;true;
0014.4F01.0000.0369;2140;212;-0.13978494623655913;-0.0967741935483871;0.956989247311828;0.9719740198183064;true;
0014.4F01.0000.0369;2150;213;-0.15053763440860216;-0.0967741935483871;0.956989247311828;0.973578575863673;true;
0014.4F01.0000.0369;2160;214;-0.15053763440860216;-0.10215053763440861;0.9623655913978495;0.9794099464569825;true;
0014.4F01.0000.0369;2170;215;-0.15053763440860216;-0.10215053763440861;0.9623655913978495;0.9794099464569825;true;
0014.4F01.0000.0369;2180;216;-0.15053763440860216;-0.0967741935483871;0.978494623655914;0.9947253653314605;true;
0014.4F01.0000.0369;2193;217;-0.13978494623655913;-0.0967741935483871;0.978494623655914;0.9931549749434009;true;
0014.4F01.0000.0369;2201;218;-0.15053763440860216;-0.0967741935483871;0.967741935483871;0.9841500279959084;true;
0014.4F01.0000.0369;2211;219;-0.15591397849462366;-0.0967741935483871;0.9623655913978495;0.979705029451975;true;
0014.4F01.0000.0369;2220;220;-0.16666666666666666;-0.10215053763440861;0.9731182795698925;0.9925581575655121;true;
0014.4F01.0000.0369;2230;221;-0.17204301075268819;-0.10752688172043011;0.9516129032258065;0.9729994580816668;true;
0014.4F01.0000.0369;2240;222;-0.1827956989247312;-0.0967741935483871;0.9516129032258065;0.9738309040424676;true;
0014.4F01.0000.0369;2250;223;-0.1881720430107527;-0.10215053763440861;0.9516129032258065;0.9754027720360894;true;
0014.4F01.0000.0369;2260;224;-0.16666666666666666;-0.10752688172043011;0.9731182795698925;0.9931258702215771;true;
0014.4F01.0000.0369;2274;225;-0.15053763440860216;-0.10215053763440861;0.9946236559139785;1.0111243883004826;true;
0014.4F01.0000.0369;2281;226;-0.12903225806451613;-0.10215053763440861;1.0161290322580645;1.0293698393473247;true;
0014.4F01.0000.0369;2291;227;-0.11827956989247312;-0.0967741935483871;1.032258064516129;1.0435094695063738;true;
0014.4F01.0000.0369;2300;228;-0.11290322580645161;-0.0967741935483871;1.0376344086021505;1.0482354453316192;true;
0014.4F01.0000.0369;2310;229;-0.11290322580645161;-0.0913978494623656;1.010752688172043;1.0211374549642467;true;
0014.4F01.0000.0369;2320;230;-0.12903225806451613;-0.08602150537634409;0.989247311827957;1.0013287506944357;true;
0014.4F01.0000.0369;2330;231;-0.13978494623655913;-0.0913978494623656;0.9731182795698925;0.9873462331491272;true;
0014.4F01.0000.0369;2340;232;-0.14516129032258066;-0.0913978494623656;0.9623655913978495;0.9775340907615419;true;
0014.4F01.0000.0369;2353;233;-0.16129032258064516;-0.0913978494623656;0.9838709677419355;1.0011844066953732;true;
0014.4F01.0000.0369;2361;234;-0.15591397849462366;-0.08602150537634409;0.989247311827957;1.0051463137454535;true;
0014.4F01.0000.0369;2371;235;-0.12903225806451613;-0.07526881720430108;1.0;1.011095800834205;true;
0014.4F01.0000.0369;2380;236;-0.11827956989247312;-0.07526881720430108;1.010752688172043;1.0204295409994235;true;
0014.4F01.0000.0369;2390;237;-0.11290322580645161;-0.08064516129032258;1.010752688172043;1.0202312370654292;true;
0014.4F01.0000.0369;2400;238;-0.12365591397849462;-0.08602150537634409;1.0;1.011281604919752;true;
0014.4F01.0000.0369;2410;239;-0.13978494623655913;-0.10215053763440861;0.9838709677419355;0.9989878100851928;true;
0014.4F01.0000.0369;2420;240;-0.13978494623655913;-0.0967741935483871;0.956989247311828;0.9719740198183064;true;
0014.4F01.0000.0369;2432;241;-0.13978494623655913;-0.0967741935483871;0.9408602150537635;0.9560978088053086;true;
0014.4F01.0000.0369;2441;242;-0.14516129032258066;-0.10215053763440861;0.946236559139785;0.9627409612142901;true;
0014.4F01.0000.0369;2451;243;-0.13978494623655913;-0.10215053763440861;0.9516129032258065;0.9672340363734129;true;
0014.4F01.0000.0369;2460;244;-0.13978494623655913;-0.0967741935483871;0.956989247311828;0.9719740198183064;true;
0014.4F01.0000.0369;2470;245;-0.13440860215053763;-0.0967741935483871;0.9731182795698925;0.9871120011944287;true;
0014.4F01.0000.0369;2480;246;-0.13440860215053763;-0.0967741935483871;0.989247311827957;1.0030160321888386;true;
0014.4F01.0000.0369;2490;247;-0.14516129032258066;-0.10215053763440861;0.989247311827957;1.0050456589160288;true;
