0014.4F01.0000.0369;0;0;-0.3548387096774194;0.15053763440860216;0.9731182795698925;1.0466762991928027;true;
0014.4F01.0000.0369;12;1;-0.5376344086021505;0.22580645161290322;1.021505376344086;1.1762281006687723;true;
0014.4F01.0000.0369;21;2;-0.43548387096774194;0.1989247311827957;0.989247311827957;1.0990120538502004;true;
0014.4F01.0000.0369;30;3;-0.11827956989247312;-0.10215053763440861;1.1451612903225807;1.1557764359279112;true;
0014.4F01.0000.0369;40;4;-0.12903225806451613;-0.11827956989247312;1.1774193548387097;1.1903594908362682;true;
0014.4F01.0000.0369;50;5;0.005376344086021506;-0.10215053763440861;1.2849462365591398;1.2890114306173652;true;
0014.4F01.0000.0369;60;6;0.22580645161290322;0.05913978494623656;1.4946236559139785;1.5127412007911876;true;
0014.4F01.0000.0369;70;7;0.3225806451612903;0.1989247311827957;1.6774193548387097;1.7196991054531416;true;
0014.4F01.0000.0369;80;8;0.543010752688172;0.2849462365591398;1.8440860215053763;1.9433754886731796;true;
0014.4F01.0000.0369;94;9;0.3817204301075269;0.3064516129032258;2.1021505376344085;2.158392911563855;true;
0014.4F01.0000.0369;101;10;0.510752688172043;0.5752688172043011;2.413978494623656;2.533593237484679;true;
0014.4F01.0000.0369;110;11;0.7473118279569892;0.6666666666666666;2.3870967741935485;2.5886580349698773;true;
0014.4F01.0000.0369;120;12;0.6397849462365591;0.5591397849462365;2.413978494623656;2.5591510797618287;true;
0014.4F01.0000.0369;130;13;0.3924731182795699;0.5645161290322581;2.3225806451612905;2.4222085917169665;true;
0014.4F01.0000.0369;140;14;0.11290322580645161;0.5483870967741935;2.1236559139784945;2.1962217527567125;true;
0014.4F01.0000.0369;150;15;-0.1774193548387097;0.46774193548387094;1.7741935483870968;1.8433726950402567;true;
0014.4F01.0000.0369;160;16;-0.43548387096774194;0.3924731182795699;1.3548387096774193;1.4762348321610328;true;
0014.4F01.0000.0369;173;17;-0.8387096774193549;0.3763440860215054;0.8924731182795699;1.2812404383767708;true;
0014.4F01.0000.0369;181;18;-1.1881720430107527;0.26881720430107525;0.5967741935483871;1.3565231038231231;true;
0014.4F01.0000.0369;190;19;-1.7311827956989247;0.13978494623655913;0.25806451612903225;1.755884676681021;true;
0014.4F01.0000.0369;200;20;-2.1774193548387095;0.15591397849462366;-0.1827956989247312;2.1906342650158708;true;
0014.4F01.0000.0369;210;21;-2.4838709677419355;0.20967741935483872;-0.8924731182795699;2.6476570532133166;true;
0014.4F01.0000.0369;220;22;-2.4838709677419355;-0.05913978494623656;-1.3225806451612903;2.8146637563854764;true;
0014.4F01.0000.0369;230;23;-2.4838709677419355;-0.26881720430107525;-1.4623655913978495;2.8948904636659205;true;
0014.4F01.0000.0369;240;24;-2.1451612903225805;-0.22043010752688172;-1.5053763440860215;2.6299171719156;true;
0014.4F01.0000.0369;252;25;-1.9086021505376345;-0.0967741935483871;-1.3494623655913978;2.3394820131219976;true;
0014.4F01.0000.0369;261;26;-1.8010752688172043;0.043010752688172046;-1.10752688172043;2.1147902597007455;true;
0014.4F01.0000.0369;270;27;-1.6290322580645162;0.1774193548387097;-0.7311827956989247;1.7943946071063233;true;
0014.4F01.0000.0369;280;28;-1.4731182795698925;0.3172043010752688;-0.5645161290322581;1.6091533469999604;true;
0014.4F01.0000.0369;290;29;-1.1774193548387097;0.5053763440860215;-0.510752688172043;1.3793440088627362;true;
0014.4F01.0000.0369;300;30;-0.6666666666666666;0.6827956989247311;-0.510752688172043;1.0823690310561942;true;
0014.4F01.0000.0369;310;31;-0.15053763440860216;0.8494623655913979;-0.7096774193548387;1.1170899379511101;true;
0014.4F01.0000.0369;320;32;0.6182795698924731;0.956989247311828;-1.0698924731182795;1.5629356832742762;true;
0014.4F01.0000.0369;333;33;2.172043010752688;0.9516129032258065;-1.5913978494623655;2.8558510243741515;true;
0014.4F01.0000.0369;341;34;2.467741935483871;0.8817204301075269;-1.3494623655913978;2.947580338712113;true;
0014.4F01.0000.0369;350;35;2.4946236559139785;0.8602150537634409;-0.41397849462365593;2.6710476067224507;true;
0014.4F01.0000.0369;360;36;2.5053763440860215;0.6559139784946236;0.521505376344086;2.6417989382703353;true;
0014.4F01.0000.0369;370;37;2.4946236559139785;0.7043010752688172;0.9354838709677419;2.755778884836595;true;
0014.4F01.0000.0369;380;38;2.5;0.8602150537634409;0.7473118279569892;2.7474433400755793;true;
0014.4F01.0000.0369;390;39;2.4946236559139785;0.8924731182795699;0.25268817204301075;2.661485818821457;true;
0014.4F01.0000.0369;400;40;2.489247311827957;0.8494623655913979;-0.16129032258064516;2.635138147831535;true;
0014.4F01.0000.0369;411;41;2.096774193548387;0.8064516129032258;-0.3817204301075269;2.278713827896381;true;
0014.4F01.0000.0369;421;42;1.4516129032258065;0.7473118279569892;-0.3387096774193548;1.6674469210723304;true;
0014.4F01.0000.0369;430;43;0.7795698924731183;0.7795698924731183;0.03763440860215054;1.1031204753842312;true;
0014.4F01.0000.0369;440;44;0.3333333333333333;0.6989247311827957;0.521505376344086;0.9335816774797163;true;
0014.4F01.0000.0369;450;45;-0.11827956989247312;0.7258064516129032;0.8655913978494624;1.135796429774213;true;
0014.4F01.0000.0369;460;46;-0.553763440860215;0.8817204301075269;0.7849462365591398;1.303926937980309;true;
0014.4F01.0000.0369;470;47;-1.2258064516129032;0.8602150537634409;0.45698924731182794;1.5656981087347865;true;
0014.4F01.0000.0369;480;48;-2.3978494623655915;0.7258064516129032;-0.23118279569892472;2.515933730128248;true;
0014.4F01.0000.0369;491;49;-2.4838709677419355;0.16666666666666666;-0.9354838709677419;2.659421522626646;true;
0014.4F01.0000.0369;501;50;-2.489247311827957;-0.5752688172043011;-1.1827956989247312;2.8153671264837183;true;
0014.4F01.0000.0369;510;51;-2.4838709677419355;-1.3010752688172043;-1.5053763440860215;3.1825414022213154;true;
0014.4F01.0000.0369;520;52;-2.489247311827957;-1.10752688172043;-1.618279569892473;3.168879413847655;true;
0014.4F01.0000.0369;530;53;-2.489247311827957;-0.6559139784946236;-1.7150537634408602;3.093215921677634;true;
0014.4F01.0000.0369;540;54;-2.370967741935484;-0.2903225806451613;-1.1344086021505377;2.6443634604124013;true;
0014.4F01.0000.0369;550;55;-1.9193548387096775;0.03763440860215054;-0.3279569892473118;1.9475356562551678;true;
0014.4F01.0000.0369;560;56;-1.5161290322580645;0.41935483870967744;0.489247311827957;1.6473823646427312;true;
0014.4F01.0000.0369;574;57;-0.06451612903225806;0.6774193548387096;0.7043010752688172;0.9793361618158561;true;
0014.4F01.0000.0369;581;58;0.6397849462365591;0.8333333333333334;0.543010752688172;1.1826368417271367;true;
0014.4F01.0000.0369;590;59;1.989247311827957;0.8924731182795699;0.3763440860215054;2.212520735620296;true;
0014.4F01.0000.0369;600;60;2.4838709677419355;0.7741935483870968;0.6720430107526881;2.687123451398726;true;
0014.4F01.0000.0369;610;61;2.5;0.5483870967741935;1.3870967741935485;2.9111451129901744;true;
0014.4F01.0000.0369;620;62;2.4946236559139785;0.3387096774193548;1.946236559139785;3.1820917922579506;true;
0014.4F01.0000.0369;630;63;2.4946236559139785;0.4946236559139785;1.989247311827957;3.228762086814401;true;
0014.4F01.0000.0369;640;64;2.5;0.7419354838709677;1.5913978494623655;3.054998425122391;true;
0014.4F01.0000.0369;654;65;2.263440860215054;0.7043010752688172;0.9032258064516129;2.5367343947989593;true;
0014.4F01.0000.0369;661;66;1.8440860215053763;0.6290322580645161;0.7043010752688172;2.071804730427577;true;
0014.4F01.0000.0369;670;67;1.1881720430107527;0.5376344086021505;0.5967741935483871;1.4342046573591434;true;
0014.4F01.0000.0369;680;68;0.5268817204301075;0.5053763440860215;0.6075268817204301;0.9497886651766762;true;
0014.4F01.0000.0369;690;69;-0.10752688172043011;0.5053763440860215;0.5053763440860215;0.7227534355615509;true;
0014.4F01.0000.0369;700;70;-0.6505376344086021;0.5752688172043011;0.23118279569892472;0.8986539438831538;true;
0014.4F01.0000.0369;710;71;-1.3064516129032258;0.5806451612903226;-0.2903225806451613;1.458852912743355;true;
0014.4F01.0000.0369;720;72;-2.4516129032258065;0.11827956989247312;-0.9247311827956989;2.62288460370485;true;
0014.4F01.0000.0369;733;73;-2.4838709677419355;-0.7580645161290323;-1.4301075268817205;2.964706449793799;true;
0014.4F01.0000.0369;741;74;-2.4838709677419355;-1.0913978494623655;-1.4623655913978495;3.0820897736936086;true;
0014.4F01.0000.0369;750;75;-2.4838709677419355;-1.118279569892473;-1.3870967741935485;3.056828690294617;true;
0014.4F01.0000.0369;760;76;-2.489247311827957;-0.7688172043010753;-1.1989247311827957;2.867900379042789;true;
0014.4F01.0000.0369;770;77;-2.3225806451612905;-0.40860215053763443;-0.8870967741935484;2.5195787857271728;true;
0014.4F01.0000.0369;780;78;-1.9408602150537635;-0.26881720430107525;-0.6505376344086021;2.0645581312931656;true;
0014.4F01.0000.0369;790;79;-1.6021505376344085;0.20967741935483872;-0.3279569892473118;1.648759155312167;true;
0014.4F01.0000.0369;800;80;-1.1612903225806452;0.5645161290322581;0.22580645161290322;1.3108250176308944;true;
0014.4F01.0000.0369;813;81;-0.08064516129032258;0.8387096774193549;0.510752688172043;0.9852948155305541;true;
0014.4F01.0000.0369;821;82;0.7096774193548387;1.0376344086021505;0.3387096774193548;1.3019414161300815;true;
0014.4F01.0000.0369;830;83;1.7526881720430108;1.1881720430107527;-0.005376344086021506;2.1174743297824294;true;
0014.4F01.0000.0369;840;84;2.4623655913978495;0.8494623655913979;-0.05913978494623656;2.6054420220798815;true;
0014.4F01.0000.0369;850;85;2.4946236559139785;0.5806451612903226;0.3870967741935484;2.590393773264316;true;
0014.4F01.0000.0369;860;86;2.4946236559139785;0.45698924731182794;0.8333333333333334;2.6695375631836873;true;
0014.4F01.0000.0369;870;87;2.4946236559139785;0.6021505376344086;1.086021505376344;2.786606388559197;true;
0014.4F01.0000.0369;880;88;2.5;0.7043010752688172;0.8279569892473119;2.7260874491967946;true;
0014.4F01.0000.0369;891;89;2.3870967741935485;0.7204301075268817;0.4032258064516129;2.5258348323247493;true;
0014.4F01.0000.0369;901;90;2.0483870967741935;0.6612903225806451;0.1989247311827957;2.1616580760254314;true;
0014.4F01.0000.0369;910;91;1.381720430107527;0.5376344086021505;0.22043010752688172;1.4989301306578056;true;
0014.4F01.0000.0369;920;92;0.8333333333333334;0.43548387096774194;0.2849462365591398;0.9824891877505374;true;
0014.4F01.0000.0369;930;93;0.3924731182795699;0.5860215053763441;0.46774193548387094;0.8463089693166695;true;
0014.4F01.0000.0369;940;94;-0.1827956989247312;0.510752688172043;0.4731182795698925;0.7198079483331121;true;
0014.4F01.0000.0369;950;95;-0.510752688172043;0.5483870967741935;0.3118279569892473;0.8116855247837581;true;
0014.4F01.0000.0369;960;96;-0.6559139784946236;0.6236559139784946;0.07526881720430108;0.9082044048937066;true;
0014.4F01.0000.0369;973;97;-0.6666666666666666;0.7096774193548387;-0.5161290322580645;1.1020325140059317;true;
0014.4F01.0000.0369;981;98;-1.2365591397849462;0.5698924731182796;-0.8440860215053764;1.6019791349463106;true;
0014.4F01.0000.0369;990;99;-2.182795698924731;0.13440860215053763;-1.1612903225806452;2.476137707983105;true;
0014.4F01.0000.0369;1000;100;-2.4838709677419355;-0.6021505376344086;-1.532258064516129;2.9799354071253594;true;
0014.4F01.0000.0369;1010;101;-2.4838709677419355;-0.9946236559139785;-1.8010752688172043;3.2253315062548085;true;
0014.4F01.0000.0369;1020;102;-2.4838709677419355;-1.2849462365591398;-1.7365591397849462;3.291859574952946;true;
0014.4F01.0000.0369;1030;103;-2.446236559139785;-1.3172043010752688;-1.4193548387096775;3.11988279142211;true;
0014.4F01.0000.0369;1040;104;-1.9946236559139785;-0.8655913978494624;-0.9946236559139785;2.391034967052201;true;
0014.4F01.0000.0369;1068;105;-1.032258064516129;-0.23118279569892472;-0.03763440860215054;1.058498250115034;true;
0014.4F01.0000.0369;1071;106;-0.9516129032258065;-0.20967741935483872;0.03763440860215054;0.975165671301029;true;
0014.4F01.0000.0369;1081;107;-0.6989247311827957;-0.1881720430107527;0.34408602150537637;0.8014360160519255;true;
0014.4F01.0000.0369;1091;108;-0.43010752688172044;-0.21505376344086022;0.5645161290322581;0.7415652808674045;true;
0014.4F01.0000.0369;1100;109;-0.22043010752688172;-0.24193548387096775;0.6989247311827957;0.7717629108211506;true;
0014.4F01.0000.0369;1110;110;-0.016129032258064516;-0.27956989247311825;0.8064516129032258;0.8536882770737962;true;
0014.4F01.0000.0369;1120;111;0.021505376344086023;-0.3333333333333333;0.8387096774193549;0.9027776666044027;true;
0014.4F01.0000.0369;1130;112;0.0;-0.3010752688172043;0.8172043010752689;0.8709013647878102;true;
0014.4F01.0000.0369;1143;113;0.06451612903225806;-0.3602150537634409;0.8333333333333334;0.9101437580446015;true;
0014.4F01.0000.0369;1150;114;0.06989247311827956;-0.3924731182795699;0.8333333333333334;0.9237773275065388;true;
0014.4F01.0000.0369;1160;115;0.05913978494623656;-0.42473118279569894;0.8118279569892473;0.9181278361708982;true;
0014.4F01.0000.0369;1170;116;0.03225806451612903;-0.44086021505376344;0.7795698924731183;0.8961738275547476;true;
0014.4F01.0000.0369;1180;117;0.0;-0.43548387096774194;0.7473118279569892;0.864939980621468;true;
0014.4F01.0000.0369;1190;118;-0.03763440860215054;-0.40860215053763443;0.7365591397849462;0.8431437792782162;true;
0014.4F01.0000.0369;1200;119;-0.07526881720430108;-0.3709677419354839;0.7419354838709677;0.8329169962408579;true;
0014.4F01.0000.0369;1210;120;-0.11290322580645161;-0.34946236559139787;0.7526881720430108;0.8375025777248016;true;
0014.4F01.0000.0369;1223;121;-0.16129032258064516;-0.3225806451612903;0.7795698924731183;0.8589540488532503;true;
0014.4F01.0000.0369;1230;122;-0.1827956989247312;-0.3118279569892473;0.7956989247311828;0.87394949575123;true;
0014.4F01.0000.0369;1240;123;-0.20430107526881722;-0.3118279569892473;0.8118279569892473;0.8933309777822651;true;
0014.4F01.0000.0369;1250;124;-0.21505376344086022;-0.3387096774193548;0.8118279569892473;0.9055589425857027;true;
0014.4F01.0000.0369;1260;125;-0.1989247311827957;-0.3118279569892473;0.8494623655913979;0.9264955660942846;true;
0014.4F01.0000.0369;1270;126;-0.20430107526881722;-0.3333333333333333;0.8655913978494624;0.9497886651766762;true;
0014.4F01.0000.0369;1280;127;-0.1989247311827957;-0.3548387096774194;0.9247311827956989;1.0102521066527976;true;
0014.4F01.0000.0369;1290;128;-0.1827956989247312;-0.3602150537634409;0.9946236559139785;1.0735200833737895;true;
0014.4F01.0000.0369;1304;129;-0.15591397849462366;-0.3387096774193548;1.096774193548387;1.158424380743629;true;
0014.4F01.0000.0369;1311;130;-0.14516129032258066;-0.3333333333333333;1.1344086021505377;1.1912454776209498;true;
0014.4F01.0000.0369;1320;131;-0.12903225806451613;-0.3118279569892473;1.1989247311827957;1.2455145560863812;true;
0014.4F01.0000.0369;1330;132;-0.13440860215053763;-0.26881720430107525;1.2258064516129032;1.2621132352036104;true;
0014.4F01.0000.0369;1340;133;-0.0967741935483871;-0.27956989247311825;1.2634408602150538;1.2976160358809252;true;
0014.4F01.0000.0369;1350;134;-0.10215053763440861;-0.26881720430107525;1.2365591397849462;1.2695573747778912;true;
0014.4F01.0000.0369;1360;135;-0.11290322580645161;-0.20430107526881722;1.1720430107526882;1.1950610389464313;true;
0014.4F01.0000.0369;1370;136;-0.08064516129032258;-0.20430107526881722;1.0913978494623655;1.1132797659198757;true;
0014.4F01.0000.0369;1381;137;-0.053763440860215055;-0.1935483870967742;0.9946236559139785;1.0147057221798745;true;
0014.4F01.0000.0369;1391;138;-0.05913978494623656;-0.20430107526881722;0.9301075268817204;0.9541155354995076;true;
0014.4F01.0000.0369;1400;139;-0.06989247311827956;-0.21505376344086022;0.8870967741935484;0.9154636889321532;true;
0014.4F01.0000.0369;1410;140;-0.08602150537634409;-0.20967741935483872;0.8333333333333334;0.8636022024166924;true;
0014.4F01.0000.0369;1420;141;-0.10752688172043011;-0.21505376344086022;0.8172043010752689;0.8518409600145531;true;
0014.4F01.0000.0369;1430;142;-0.12903225806451613;-0.23118279569892472;0.8225806451612904;0.8641375622216426;true;
0014.4F01.0000.0369;1440;143;-0.15053763440860216;-0.24193548387096775;0.8387096774193549;0.8857924591720656;true;
0014.4F01.0000.0369;1450;144;-0.16666666666666666;-0.25268817204301075;0.8494623655913979;0.9017845644189911;true;
0014.4F01.0000.0369;1463;145;-0.1989247311827957;-0.26881720430107525;0.9032258064516129;0.9631461962986512;true;
0014.4F01.0000.0369;1470;146;-0.21505376344086022;-0.27419354838709675;0.9301075268817204;0.9932422839917836;true;
0014.4F01.0000.0369;1480;147;-0.22580645161290322;-0.26881720430107525;0.9623655913978495;1.0244016665472528;true;
0014.4F01.0000.0369;1490;148;-0.23655913978494625;-0.26344086021505375;0.978494623655914;1.0405830298299938;true;
0014.4F01.0000.0369;1500;149;-0.24193548387096775;-0.26344086021505375;0.989247311827957;1.0519240035028985;true;
0014.4F01.0000.0369;1510;150;-0.25268817204301075;-0.27419354838709675;0.989247311827957;1.057186671419189;true;
0014.4F01.0000.0369;1520;151;-0.25806451612903225;-0.2903225806451613;0.989247311827957;1.062776900048273;true;
0014.4F01.0000.0369;1530;152;-0.25806451612903225;-0.3010752688172043;0.989247311827957;1.065764446740978;true;
0014.4F01.0000.0369;1541;153;-0.26881720430107525;-0.3010752688172043;0.9731182795698925;1.053502820525254;true;
0014.4F01.0000.0369;1551;154;-0.2849462365591398;-0.2956989247311828;0.9516129032258065;1.0364358780948502;true;
0014.4F01.0000.0369;1560;155;-0.3118279569892473;-0.2849462365591398;0.9516129032258065;1.041152318383412;true;
0014.4F01.0000.0369;1570;156;-0.3225806451612903;-0.2903225806451613;0.956989247311828;1.0507967895533368;true;
0014.4F01.0000.0369;1580;157;-0.3172043010752688;-0.27956989247311825;0.956989247311828;1.0462343489240542;true;
0014.4F01.0000.0369;1590;158;-0.2956989247311828;-0.27419354838709675;0.956989247311828;1.0384836905482646;true;
0014.4F01.0000.0369;1600;159;-0.26881720430107525;-0.26881720430107525;0.946236559139785;1.0197494812497783;true;
0014.4F01.0000.0369;1610;160;-0.25806451612903225;-0.26344086021505375;0.9354838709677419;1.0055488323082822;true;
0014.4F01.0000.0369;1623;161;-0.25806451612903225;-0.24731182795698925;0.9301075268817204;0.9964238286464094;true;
0014.4F01.0000.0369;1630;162;-0.25268817204301075;-0.24731182795698925;0.9354838709677419;1.0000722600785688;true;
0014.4F01.0000.0369;1640;163;-0.25268817204301075;-0.24193548387096775;0.9354838709677419;0.9987563083591052;true;
0014.4F01.0000.0369;1650;164;-0.25806451612903225;-0.23655913978494625;0.9354838709677419;0.9988431277940976;true;
0014.4F01.0000.0369;1660;165;-0.25268817204301075;-0.23118279569892472;0.9247311827956989;0.9861158946859853;true;
0014.4F01.0000.0369;1670;166;-0.26344086021505375;-0.23118279569892472;0.9086021505376344;0.9738605854123229;true;
0014.4F01.0000.0369;1680;167;-0.26881720430107525;-0.22043010752688172;0.9032258064516129;0.9678166040488896;true;
0014.4F01.0000.0369;1690;168;-0.2956989247311828;-0.21505376344086022;0.9247311827956989;0.9943911381805388;true;
0014.4F01.0000.0369;1701;169;-0.2849462365591398;-0.25268817204301075;0.9623655913978495;1.0349846383044474;true;
0014.4F01.0000.0369;1711;170;-0.26881720430107525;-0.25268817204301075;0.967741935483871;1.0356826035580364;true;
0014.4F01.0000.0369;1720;171;-0.26344086021505375;-0.24193548387096775;0.9731182795698925;1.0367704911019575;true;
0014.4F01.0000.0369;1730;172;-0.25806451612903225;-0.24731182795698925;0.978494623655914;1.0417351694436872;true;
0014.4F01.0000.0369;1740;173;-0.24731182795698925;-0.24193548387096775;0.9838709677419355;1.042927610032815;true;
0014.4F01.0000.0369;1750;174;-0.24731182795698925;-0.24731182795698925;0.978494623655914;1.039123673591543;true;
0014.4F01.0000.0369;1760;175;-0.23655913978494625;-0.24731182795698925;0.9623655913978495;1.0214063336252395;true;
0014.4F01.0000.0369;1770;176;-0.23118279569892472;-0.24193548387096775;0.9516129032258065;1.0087345443519313;true;
0014.4F01.0000.0369;1781;177;-0.23118279569892472;-0.24193548387096775;0.9408602150537635;0.9985971197905911;true;
0014.4F01.0000.0369;1791;178;-0.24193548387096775;-0.24193548387096775;0.9354838709677419;0.99609017139642;true;
0014.4F01.0000.0369;1800;179;-0.24731182795698925;-0.24731182795698925;0.9301075268817204;0.9936932585344862;true;
0014.4F01.0000.0369;1811;180;-0.25268817204301075;-0.24731182795698925;0.9139784946236559;0.9799852759977519;true;
0014.4F01.0000.0369;1816;181;0.0;0.0;0.0;0.0;true;
0014.4F01.0000.0369;1817;182;0.0;0.0;0.0;0.0;true;
0014.4F01.0000.0369;1818;183;0.0;0.0;0.0;0.0;true;
