0014.4F01.0000.0369;0;0;-0.3763440860215054;0.05913978494623656;1.043010752688172;1.1104070494507843;true;
0014.4F01.0000.0369;9;1;-0.3763440860215054;0.05913978494623656;1.0376344086021505;1.1053585622602216;true;
0014.4F01.0000.0369;19;2;-0.3763440860215054;0.05913978494623656;1.043010752688172;1.1104070494507843;true;
0014.4F01.0000.0369;29;3;-0.3709677419354839;0.053763440860215055;1.010752688172043;1.078020672240033;true;
0014.4F01.0000.0369;39;4;-0.3602150537634409;0.03763440860215054;0.989247311827957;1.0534616640521246;true;
0014.4F01.0000.0369;49;5;-0.34408602150537637;0.03763440860215054;0.9516129032258065;1.012609824410212;true;
0014.4F01.0000.0369;59;6;-0.34408602150537637;0.021505376344086023;0.9408602150537635;1.0020357357290772;true;
0014.4F01.0000.0369;69;7;-0.34408602150537637;0.010752688172043012;0.9408602150537635;1.0018626426658186;true;
0014.4F01.0000.0369;81;8;-0.34408602150537637;0.021505376344086023;0.9623655913978495;1.0222549598381176;true;
0014.4F01.0000.0369;89;9;-0.34408602150537637;0.03763440860215054;0.989247311827957;1.048056192608522;true;
0014.4F01.0000.0369;99;10;-0.3602150537634409;0.053763440860215055;1.0161290322580645;1.0794274420861456;true;
0014.4F01.0000.0369;109;11;-0.3763440860215054;0.06989247311827956;1.032258064516129;1.100943477495796;true;
0014.4F01.0000.0369;119;12;-0.3709677419354839;0.06989247311827956;1.043010752688172;1.1092220037388585;true;
0014.4F01.0000.0369;129;13;-0.3602150537634409;0.06451612903225806;1.0161290322580645;1.0800164008295505;true;
0014.4F01.0000.0369;139;14;-0.3548387096774194;0.04838709677419355;1.0;1.0621919887759328;true;
0014.4F01.0000.0369;149;15;-0.34408602150537637;0.053763440860215055;0.9946236559139785;1.0538320144464282;true;
0014.4F01.0000.0369;162;16;-0.34946236559139787;0.053763440860215055;0.9838709677419355;1.0454743103985475;true;
0014.4F01.0000.0369;169;17;-0.3655913978494624;0.05913978494623656;0.9838709677419355;1.05126431762448;true;
0014.4F01.0000.0369;179;18;-0.3602150537634409;0.053763440860215055;1.0053763440860215;1.0693114540575646;true;
0014.4F01.0000.0369;189;19;-0.34408602150537637;0.053763440860215055;1.021505376344086;1.0792399787203961;true;
0014.4F01.0000.0369;199;20;-0.3387096774193548;0.04838709677419355;1.0053763440860215;1.0620014830307598;true;
0014.4F01.0000.0369;209;21;-0.34946236559139787;0.04838709677419355;1.0;1.0604080611250422;true;
0014.4F01.0000.0369;219;22;-0.3602150537634409;0.04838709677419355;1.0053763440860215;1.069054624114132;true;
0014.4F01.0000.0369;229;23;-0.3763440860215054;0.053763440860215055;1.010752688172043;1.0798825747753795;true;
0014.4F01.0000.0369;240;24;-0.3763440860215054;0.06451612903225806;1.0;1.0704191711608444;true;
0014.4F01.0000.0369;249;25;-0.3763440860215054;0.05913978494623656;0.989247311827957;1.0600672757922907;true;
0014.4F01.0000.0369;259;26;-0.3602150537634409;0.04838709677419355;0.967741935483871;1.0337410941749885;true;
0014.4F01.0000.0369;269;27;-0.3548387096774194;0.03763440860215054;0.978494623655914;1.0415270457937702;true;
0014.4F01.0000.0369;279;28;-0.3602150537634409;0.03763440860215054;0.978494623655914;1.0433709609684185;true;
0014.4F01.0000.0369;289;29;-0.3602150537634409;0.03763440860215054;0.9838709677419355;1.0484146674069783;true;
0014.4F01.0000.0369;299;30;-0.3602150537634409;0.04838709677419355;0.9946236559139785;1.0589487301072333;true;
0014.4F01.0000.0369;309;31;-0.3602150537634409;0.043010752688172046;1.0;1.0637691524971955;true;
0014.4F01.0000.0369;320;32;-0.3548387096774194;0.05913978494623656;0.9946236559139785;1.0576787040272255;true;
0014.4F01.0000.0369;329;33;-0.34408602150537637;0.053763440860215055;0.9838709677419355;1.0436895031253217;true;
0014.4F01.0000.0369;339;34;-0.3602150537634409;0.053763440860215055;0.978494623655914;1.044077162404416;true;
0014.4F01.0000.0369;349;35;-0.3387096774193548;0.053763440860215055;0.978494623655914;1.0368541274809018;true;
0014.4F01.0000.0369;359;36;-0.3387096774193548;0.03763440860215054;1.0;1.0564755530954595;true;
0014.4F01.0000.0369;369;37;-0.3333333333333333;0.053763440860215055;1.0268817204301075;1.0809660894023172;true;
0014.4F01.0000.0369;379;38;-0.3010752688172043;0.043010752688172046;1.032258064516129;1.076128688447037;true;
0014.4F01.0000.0369;389;39;-0.2956989247311828;0.043010752688172046;1.021505376344086;1.0643124601515541;true;
0014.4F01.0000.0369;400;40;-0.27419354838709675;0.06451612903225806;1.0161290322580645;1.0544489760439453;true;
0014.4F01.0000.0369;409;41;-0.26881720430107525;0.053763440860215055;1.010752688172043;1.0472698761772856;true;
0014.4F01.0000.0369;419;42;-0.27956989247311825;0.08064516129032258;0.9838709677419355;1.0259946627455845;true;
0014.4F01.0000.0369;429;43;-0.26344086021505375;0.053763440860215055;0.967741935483871;1.0043983513019354;true;
0014.4F01.0000.0369;439;44;-0.2849462365591398;0.026881720430107527;0.9139784946236559;0.9577440541486143;true;
0014.4F01.0000.0369;449;45;-0.2849462365591398;0.016129032258064516;0.9193548387096774;0.9626358724199383;true;
0014.4F01.0000.0369;459;46;-0.26881720430107525;0.005376344086021506;1.0;1.0355151348019869;true;
0014.4F01.0000.0369;469;47;-0.22580645161290322;0.06451612903225806;1.043010752688172;1.0691222169230534;true;
0014.4F01.0000.0369;480;48;-0.16666666666666666;0.05913978494623656;1.0806451612903225;1.0950202082890763;true;
0014.4F01.0000.0369;489;49;-0.16129032258064516;0.07526881720430108;1.0913978494623655;1.1058160917677855;true;
0014.4F01.0000.0369;499;50;-0.15053763440860216;0.0913978494623656;1.0698924731182795;1.0842901135281238;true;
0014.4F01.0000.0369;509;51;-0.16666666666666666;0.03225806451612903;1.0483870967741935;1.0620423085671902;true;
0014.4F01.0000.0369;519;52;-0.16666666666666666;0.06989247311827956;1.010752688172043;1.0267831963094147;true;
0014.4F01.0000.0369;529;53;-0.16129032258064516;0.04838709677419355;0.9838709677419355;0.9981773191461808;true;
0014.4F01.0000.0369;539;54;-0.17204301075268819;0.043010752688172046;0.978494623655914;0.9944347393967999;true;
0014.4F01.0000.0369;549;55;-0.13440860215053763;0.026881720430107527;0.9838709677419355;0.9933732331761294;true;
0014.4F01.0000.0369;560;56;-0.0913978494623656;-0.005376344086021506;0.978494623655914;0.9827686403653737;true;
0014.4F01.0000.0369;569;57;-0.06451612903225806;0.010752688172043012;0.967741935483871;0.9699496919440208;true;
0014.4F01.0000.0369;579;58;-0.05913978494623656;-0.05913978494623656;0.9731182795698925;0.9767057972388828;true;
0014.4F01.0000.0369;589;59;-0.03763440860215054;-0.010752688172043012;0.9516129032258065;0.9524174959541677;true;
0014.4F01.0000.0369;599;60;0.0;-0.010752688172043012;0.8924731182795699;0.8925378911590165;true;
0014.4F01.0000.0369;609;61;-0.021505376344086023;0.12365591397849462;0.9623655913978495;0.970515738038333;true;
0014.4F01.0000.0369;619;62;0.0967741935483871;0.23118279569892472;0.989247311827957;1.02050035449428;true;
0014.4F01.0000.0369;629;63;0.1827956989247312;0.08602150537634409;1.0;1.0202029047854124;true;
0014.4F01.0000.0369;640;64;0.13978494623655913;0.03763440860215054;0.9731182795698925;0.9838268983608137;true;
0014.4F01.0000.0369;649;65;0.15053763440860216;0.021505376344086023;0.9193548387096774;0.931846221242505;true;
0014.4F01.0000.0369;659;66;0.16129032258064516;0.03225806451612903;0.8978494623655914;0.9127917659327766;true;
0014.4F01.0000.0369;669;67;0.1774193548387097;0.04838709677419355;0.9301075268817204;0.9481133635634766;true;
0014.4F01.0000.0369;679;68;0.1935483870967742;0.021505376344086023;0.9354838709677419;0.9555383467973717;true;
0014.4F01.0000.0369;689;69;0.1935483870967742;0.06451612903225806;0.9086021505376344;0.9312256316353646;true;
0014.4F01.0000.0369;699;70;0.1827956989247312;-0.06451612903225806;0.8172043010752689;0.8398806273195057;true;
0014.4F01.0000.0369;709;71;0.25268817204301075;-0.08064516129032258;0.6989247311827957;0.747563197454853;true;
0014.4F01.0000.0369;720;72;0.3763440860215054;-0.043010752688172046;0.5645161290322581;0.6798259011450876;true;
0014.4F01.0000.0369;729;73;0.3817204301075269;-0.005376344086021506;0.6344086021505376;0.7404145233042135;true;
0014.4F01.0000.0369;739;74;0.40860215053763443;0.043010752688172046;0.7849462365591398;0.8859719163490114;true;
0014.4F01.0000.0369;749;75;0.44623655913978494;0.07526881720430108;0.8763440860215054;0.9862917512891999;true;
0014.4F01.0000.0369;759;76;0.5268817204301075;0.11827956989247312;0.9139784946236559;1.0615795272196344;true;
0014.4F01.0000.0369;769;77;0.5591397849462365;0.08064516129032258;0.8655913978494624;1.0336292416433719;true;
0014.4F01.0000.0369;779;78;0.5268817204301075;0.03225806451612903;0.7795698924731183;0.9414744538755504;true;
0014.4F01.0000.0369;789;79;0.5483870967741935;0.010752688172043012;0.6559139784946236;0.8550246636185411;true;
0014.4F01.0000.0369;802;80;0.45161290322580644;-0.04838709677419355;0.489247311827957;0.6675765556287601;true;
0014.4F01.0000.0369;809;81;0.41935483870967744;-0.053763440860215055;0.489247311827957;0.64661574404992;true;
0014.4F01.0000.0369;819;82;0.3817204301075269;-0.053763440860215055;0.510752688172043;0.6398978846734635;true;
0014.4F01.0000.0369;829;83;0.41397849462365593;-0.06989247311827956;0.5053763440860215;0.6570147646523711;true;
0014.4F01.0000.0369;839;84;0.42473118279569894;-0.03225806451612903;0.532258064516129;0.6817153420657451;true;
0014.4F01.0000.0369;849;85;0.44623655913978494;-0.05913978494623656;0.5376344086021505;0.7011956490091663;true;
0014.4F01.0000.0369;859;86;0.46236559139784944;-0.021505376344086023;0.5698924731182796;0.734181075918777;true;
0014.4F01.0000.0369;869;87;0.45698924731182794;-0.026881720430107527;0.5483870967741935;0.7143459994710842;true;
0014.4F01.0000.0369;880;88;0.5268817204301075;-0.053763440860215055;0.5053763440860215;0.7320519818006591;true;
0014.4F01.0000.0369;889;89;0.5967741935483871;-0.03763440860215054;0.40860215053763443;0.724231664745571;true;
0014.4F01.0000.0369;899;90;0.6290322580645161;-0.06989247311827956;0.3709677419354839;0.7336099815576702;true;
0014.4F01.0000.0369;909;91;0.6290322580645161;-0.06451612903225806;0.43010752688172044;0.7647459691108942;true;
0014.4F01.0000.0369;919;92;0.5645161290322581;-0.06451612903225806;0.489247311827957;0.7498024559667394;true;
0014.4F01.0000.0369;929;93;0.5913978494623656;-0.03225806451612903;0.510752688172043;0.7820871483089373;true;
0014.4F01.0000.0369;939;94;0.5967741935483871;-0.03763440860215054;0.5;0.7794586498308691;true;
0014.4F01.0000.0369;949;95;0.6182795698924731;-0.005376344086021506;0.46236559139784944;0.7720624791626879;true;
0014.4F01.0000.0369;962;96;0.6666666666666666;-0.016129032258064516;0.3870967741935484;0.7710697132666261;true;
0014.4F01.0000.0369;969;97;0.6666666666666666;-0.026881720430107527;0.3602150537634409;0.7582360821640747;true;
0014.4F01.0000.0369;979;98;0.6827956989247311;-0.021505376344086023;0.34408602150537637;0.7648971420244759;true;
0014.4F01.0000.0369;989;99;0.6774193548387096;-0.010752688172043012;0.3387096774193548;0.7574541888395245;true;
0014.4F01.0000.0369;999;100;0.6612903225806451;-0.03763440860215054;0.3602150537634409;0.7539735568356797;true;
0014.4F01.0000.0369;1009;101;0.6559139784946236;-0.021505376344086023;0.3709677419354839;0.7538585370963562;true;
0014.4F01.0000.0369;1019;102;0.6397849462365591;-0.03763440860215054;0.34408602150537637;0.7274175666954633;true;
0014.4F01.0000.0369;1029;103;0.6236559139784946;-0.03225806451612903;0.3279569892473118;0.7053673288172905;true;
0014.4F01.0000.0369;1040;104;0.6075268817204301;-0.021505376344086023;0.3225806451612903;0.6881930440343934;true;
0014.4F01.0000.0369;1049;105;0.6021505376344086;0.010752688172043012;0.3924731182795699;0.7188435426770013;true;
0014.4F01.0000.0369;1059;106;0.5967741935483871;0.010752688172043012;0.46774193548387094;0.7583123212756409;true;
0014.4F01.0000.0369;1069;107;0.6505376344086021;0.010752688172043012;0.45698924731182794;0.7950811318623379;true;
0014.4F01.0000.0369;1079;108;0.7150537634408602;0.010752688172043012;0.4032258064516129;0.8209802408721031;true;
0014.4F01.0000.0369;1089;109;0.7311827956989247;0.0;0.3763440860215054;0.822352206666619;true;
0014.4F01.0000.0369;1099;110;0.7258064516129032;0.010752688172043012;0.43548387096774194;0.8464967970281327;true;
0014.4F01.0000.0369;1109;111;0.6881720430107527;0.0;0.46236559139784944;0.8290733989763973;true;
0014.4F01.0000.0369;1120;112;0.6774193548387096;-0.016129032258064516;0.41397849462365593;0.7940625428784206;true;
0014.4F01.0000.0369;1129;113;0.6666666666666666;-0.010752688172043012;0.3709677419354839;0.7630053278346629;true;
0014.4F01.0000.0369;1139;114;0.6344086021505376;-0.021505376344086023;0.34946236559139787;0.7246107235330124;true;
0014.4F01.0000.0369;1149;115;0.6236559139784946;-0.021505376344086023;0.3548387096774194;0.7178577088376138;true;
0014.4F01.0000.0369;1159;116;0.6021505376344086;0.0;0.3924731182795699;0.7187631171293478;true;
0014.4F01.0000.0369;1169;117;0.5967741935483871;-0.010752688172043012;0.40860215053763443;0.7233331015598778;true;
0014.4F01.0000.0369;1179;118;0.5967741935483871;-0.010752688172043012;0.40860215053763443;0.7233331015598778;true;
0014.4F01.0000.0369;1189;119;0.5806451612903226;0.0;0.42473118279569894;0.7194062697592356;true;
0014.4F01.0000.0369;1200;120;0.5698924731182796;-0.016129032258064516;0.45161290322580644;0.7273182184975792;true;
0014.4F01.0000.0369;1209;121;0.5645161290322581;-0.005376344086021506;0.478494623655914;0.7400435594483011;true;
0014.4F01.0000.0369;1219;122;0.5752688172043011;-0.010752688172043012;0.489247311827957;0.7552567540124636;true;
0014.4F01.0000.0369;1229;123;0.5967741935483871;-0.010752688172043012;0.4838709677419355;0.7683659101051856;true;
0014.4F01.0000.0369;1239;124;0.6021505376344086;-0.010752688172043012;0.46236559139784944;0.7592646642541819;true;
0014.4F01.0000.0369;1249;125;0.6129032258064516;-0.010752688172043012;0.45161290322580644;0.7613935899828163;true;
0014.4F01.0000.0369;1259;126;0.6182795698924731;0.005376344086021506;0.45698924731182794;0.7688548001936282;true;
0014.4F01.0000.0369;1269;127;0.6236559139784946;0.005376344086021506;0.4731182795698925;0.7828259772000785;true;
0014.4F01.0000.0369;1280;128;0.6451612903225806;0.010752688172043012;0.4838709677419355;0.806523294305341;true;
0014.4F01.0000.0369;1289;129;0.6236559139784946;-0.005376344086021506;0.44623655913978494;0.7668785241672879;true;
0014.4F01.0000.0369;1299;130;0.6344086021505376;0.0;0.44086021505376344;0.7725490299649918;true;
0014.4F01.0000.0369;1309;131;0.6236559139784946;0.005376344086021506;0.44086021505376344;0.7637626158259734;true;
0014.4F01.0000.0369;1319;132;0.6075268817204301;0.0;0.45161290322580644;0.7569961204477808;true;
0014.4F01.0000.0369;1329;133;0.6075268817204301;0.0;0.44086021505376344;0.750630828856769;true;
0014.4F01.0000.0369;1339;134;0.6075268817204301;0.0;0.42473118279569894;0.741272884740824;true;
0014.4F01.0000.0369;1349;135;0.6129032258064516;-0.005376344086021506;0.4032258064516129;0.7336690808997194;true;
0014.4F01.0000.0369;1362;136;0.6129032258064516;-0.005376344086021506;0.41397849462365593;0.7396333302999222;true;
0014.4F01.0000.0369;1369;137;0.6129032258064516;-0.010752688172043012;0.41935483870967744;0.7427142554550161;true;
0014.4F01.0000.0369;1379;138;0.5913978494623656;-0.005376344086021506;0.42473118279569894;0.7281324735674652;true;
0014.4F01.0000.0369;1389;139;0.5913978494623656;0.005376344086021506;0.42473118279569894;0.7281324735674652;true;
0014.4F01.0000.0369;1399;140;0.5913978494623656;-0.010752688172043012;0.3978494623655914;0.7128472707082676;true;
0014.4F01.0000.0369;1409;141;0.6021505376344086;0.0;0.41397849462365593;0.7307280369496408;true;
0014.4F01.0000.0369;1419;142;0.6129032258064516;0.005376344086021506;0.45698924731182794;0.7645380575473771;true;
0014.4F01.0000.0369;1429;143;0.6182795698924731;0.005376344086021506;0.46236559139784944;0.7720624791626879;true;
0014.4F01.0000.0369;1440;144;0.6290322580645161;0.016129032258064516;0.45161290322580644;0.7745294970027722;true;
0014.4F01.0000.0369;1449;145;0.6290322580645161;0.010752688172043012;0.44623655913978494;0.7713133401553379;true;
0014.4F01.0000.0369;1459;146;0.6344086021505376;0.021505376344086023;0.45161290322580644;0.7790320725453744;true;
0014.4F01.0000.0369;1469;147;0.6505376344086021;0.026881720430107527;0.489247311827957;0.8144229692279711;true;
0014.4F01.0000.0369;1479;148;0.6505376344086021;0.026881720430107527;0.5053763440860215;0.8242130124166782;true;
0014.4F01.0000.0369;1489;149;0.6559139784946236;0.016129032258064516;0.4946236559139785;0.8216665101219212;true;
0014.4F01.0000.0369;1499;150;0.6397849462365591;0.016129032258064516;0.478494623655914;0.7990882479301727;true;
0014.4F01.0000.0369;1509;151;0.6182795698924731;0.0;0.44623655913978494;0.7624937332590586;true;
0014.4F01.0000.0369;1520;152;0.5913978494623656;0.0;0.41935483870967744;0.7249895841306484;true;
0014.4F01.0000.0369;1529;153;0.5698924731182796;-0.010752688172043012;0.41397849462365593;0.7044652193193519;true;
0014.4F01.0000.0369;1539;154;0.5645161290322581;-0.010752688172043012;0.4032258064516129;0.6938192352688443;true;
0014.4F01.0000.0369;1549;155;0.5591397849462365;-0.005376344086021506;0.41935483870967744;0.6989454091233982;true;
0014.4F01.0000.0369;1559;156;0.5752688172043011;-0.005376344086021506;0.42473118279569894;0.7150941859380485;true;
0014.4F01.0000.0369;1569;157;0.6021505376344086;0.0;0.44623655913978494;0.749474707169176;true;
0014.4F01.0000.0369;1579;158;0.6075268817204301;0.016129032258064516;0.46774193548387094;0.7668973698642659;true;
0014.4F01.0000.0369;1589;159;0.6397849462365591;0.016129032258064516;0.4838709677419355;0.8023191612668962;true;
0014.4F01.0000.0369;1602;160;0.6290322580645161;0.016129032258064516;0.478494623655914;0.790505428339958;true;
0014.4F01.0000.0369;1609;161;0.6236559139784946;0.010752688172043012;0.4731182795698925;0.7828813612588127;true;
0014.4F01.0000.0369;1619;162;0.6075268817204301;0.010752688172043012;0.4731182795698925;0.7700944349747306;true;
0014.4F01.0000.0369;1629;163;0.6021505376344086;0.010752688172043012;0.4838709677419355;0.7725490299649918;true;
0014.4F01.0000.0369;1639;164;0.6182795698924731;0.005376344086021506;0.478494623655914;0.7818283932486513;true;
0014.4F01.0000.0369;1649;165;0.6129032258064516;0.010752688172043012;0.4838709677419355;0.780959088512578;true;
0014.4F01.0000.0369;1659;166;0.6021505376344086;0.010752688172043012;0.478494623655914;0.7691930805356658;true;
0014.4F01.0000.0369;1669;167;0.6129032258064516;0.010752688172043012;0.46236559139784944;0.7678202423846108;true;
0014.4F01.0000.0369;1680;168;0.5967741935483871;0.005376344086021506;0.45161290322580644;0.7484133600632078;true;
0014.4F01.0000.0369;1689;169;0.6021505376344086;0.0;0.46236559139784944;0.7591885207786604;true;
0014.4F01.0000.0369;1699;170;0.5860215053763441;-0.005376344086021506;0.45161290322580644;0.7398677748079919;true;
0014.4F01.0000.0369;1709;171;0.5860215053763441;0.016129032258064516;0.44623655913978494;0.7367553305935783;true;
0014.4F01.0000.0369;1719;172;0.5913978494623656;0.005376344086021506;0.45161290322580644;0.7441334126247011;true;
0014.4F01.0000.0369;1729;173;0.6075268817204301;0.010752688172043012;0.4731182795698925;0.7700944349747306;true;
0014.4F01.0000.0369;1739;174;0.6129032258064516;0.021505376344086023;0.4838709677419355;0.7811811306215558;true;
0014.4F01.0000.0369;1749;175;0.6344086021505376;0.010752688172043012;0.4946236559139785;0.8045138008606404;true;
0014.4F01.0000.0369;1760;176;0.6182795698924731;0.010752688172043012;0.4946236559139785;0.7918571890429843;true;
0014.4F01.0000.0369;1769;177;0.6129032258064516;-0.005376344086021506;0.46236559139784944;0.7677637718649979;true;
0014.4F01.0000.0369;1779;178;0.6075268817204301;-0.010752688172043012;0.45161290322580644;0.7570724844266342;true;
0014.4F01.0000.0369;1789;179;0.5860215053763441;0.0;0.46774193548387094;0.7498024559667394;true;
0014.4F01.0000.0369;1799;180;0.5806451612903226;-0.005376344086021506;0.4838709677419355;0.7558497349533922;true;
0014.4F01.0000.0369;1809;181;0.5860215053763441;-0.005376344086021506;0.46774193548387094;0.7498217308463963;true;
0014.4F01.0000.0369;1819;182;0.5806451612903226;0.005376344086021506;0.4731182795698925;0.7490117588321101;true;
0014.4F01.0000.0369;1829;183;0.5913978494623656;0.0;0.478494623655914;0.7607289406985419;true;
0014.4F01.0000.0369;1840;184;0.5913978494623656;-0.005376344086021506;0.45161290322580644;0.7441334126247011;true;
0014.4F01.0000.0369;1849;185;0.5806451612903226;-0.005376344086021506;0.43548387096774194;0.725826363725268;true;
0014.4F01.0000.0369;1859;186;0.5913978494623656;-0.016129032258064516;0.43010752688172044;0.7314397081855772;true;
0014.4F01.0000.0369;1869;187;0.5967741935483871;0.005376344086021506;0.44623655913978494;0.7451814610374938;true;
0014.4F01.0000.0369;1879;188;0.6021505376344086;0.005376344086021506;0.478494623655914;0.7691367108107332;true;
0014.4F01.0000.0369;1889;189;0.6129032258064516;0.010752688172043012;0.5;0.7910537178389843;true;
0014.4F01.0000.0369;1899;190;0.6290322580645161;0.010752688172043012;0.5053763440860215;0.8069711588095463;true;
0014.4F01.0000.0369;1909;191;0.6290322580645161;0.010752688172043012;0.5;0.8036150832262104;true;
0014.4F01.0000.0369;1920;192;0.6236559139784946;0.010752688172043012;0.5;0.799413734772725;true;
0014.4F01.0000.0369;1929;193;0.6075268817204301;0.016129032258064516;0.5;0.7869873300724295;true;
0014.4F01.0000.0369;1939;194;0.6075268817204301;0.005376344086021506;0.4946236559139785;0.7834349865039156;true;
0014.4F01.0000.0369;1949;195;0.5967741935483871;0.005376344086021506;0.4838709677419355;0.7683094796919899;true;
0014.4F01.0000.0369;1959;196;0.5806451612903226;-0.010752688172043012;0.46236559139784944;0.7423249717889551;true;
0014.4F01.0000.0369;1969;197;0.5698924731182796;-0.016129032258064516;0.44086021505376344;0.7206908531511284;true;
0014.4F01.0000.0369;1979;198;0.5645161290322581;-0.021505376344086023;0.43010752688172044;0.7100235389264047;true;
0014.4F01.0000.0369;1989;199;0.5645161290322581;-0.016129032258064516;0.44086021505376344;0.7164470216536581;true;
0014.4F01.0000.0369;2000;200;0.5645161290322581;-0.005376344086021506;0.45698924731182794;0.7263239891205078;true;
0014.4F01.0000.0369;2009;201;0.5806451612903226;-0.010752688172043012;0.45698924731182794;0.7389882243929338;true;
0014.4F01.0000.0369;2019;202;0.5860215053763441;-0.005376344086021506;0.45698924731182794;0.743161679581179;true;
0014.4F01.0000.0369;2029;203;0.6129032258064516;0.0;0.4838709677419355;0.7808850604458196;true;
0014.4F01.0000.0369;2039;204;0.6182795698924731;0.016129032258064516;0.510752688172043;0.8021209888183772;true;
0014.4F01.0000.0369;2049;205;0.6236559139784946;0.021505376344086023;0.5268817204301075;0.8167089613659461;true;
0014.4F01.0000.0369;2059;206;0.6236559139784946;0.010752688172043012;0.521505376344086;0.8130376232986167;true;
0014.4F01.0000.0369;2069;207;0.6182795698924731;0.010752688172043012;0.4946236559139785;0.7918571890429843;true;
0014.4F01.0000.0369;2080;208;0.6182795698924731;0.005376344086021506;0.478494623655914;0.7818283932486513;true;
0014.4F01.0000.0369;2089;209;0.6075268817204301;0.005376344086021506;0.478494623655914;0.7733530383701195;true;
0014.4F01.0000.0369;2099;210;0.5913978494623656;0.005376344086021506;0.4946236559139785;0.770994735659169;true;
0014.4F01.0000.0369;2109;211;0.5860215053763441;0.0;0.489247311827957;0.7634029976980957;true;
0014.4F01.0000.0369;2119;212;0.5860215053763441;-0.005376344086021506;0.46774193548387094;0.7498217308463963;true;
0014.4F01.0000.0369;2129;213;0.5806451612903226;-0.016129032258064516;0.44623655913978494;0.7324861880775372;true;
0014.4F01.0000.0369;2139;214;0.5806451612903226;-0.016129032258064516;0.44086021505376344;0.7292233390592329;true;
0014.4F01.0000.0369;2149;215;0.5645161290322581;-0.010752688172043012;0.45161290322580644;0.7230133433073914;true;
0014.4F01.0000.0369;2162;216;0.5698924731182796;-0.005376344086021506;0.46774193548387094;0.7372847850069864;true;
0014.4F01.0000.0369;2169;217;0.5860215053763441;0.005376344086021506;0.4731182795698925;0.7531872385419596;true;
0014.4F01.0000.0369;2179;218;0.5967741935483871;0.005376344086021506;0.478494623655914;0.7649349305847353;true;
0014.4F01.0000.0369;2189;219;0.6182795698924731;0.016129032258064516;0.4946236559139785;0.7919484410097118;true;
0014.4F01.0000.0369;2199;220;0.6344086021505376;0.010752688172043012;0.510752688172043;0.8145294367059379;true;
0014.4F01.0000.0369;2209;221;0.6236559139784946;0.005376344086021506;0.5053763440860215;0.8027333637502776;true;
0014.4F01.0000.0369;2219;222;0.6182795698924731;0.005376344086021506;0.5;0.7951720138574753;true;
0014.4F01.0000.0369;2229;223;0.5967741935483871;0.0;0.489247311827957;0.7716880005651312;true;
0014.4F01.0000.0369;2241;224;0.5806451612903226;-0.010752688172043012;0.478494623655914;0.7524769288824772;true;
0014.4F01.0000.0369;2249;225;0.5698924731182796;-0.010752688172043012;0.478494623655914;0.7442110964554405;true;
0014.4F01.0000.0369;2259;226;0.5591397849462365;-0.016129032258064516;0.46236559139784944;0.7257267977000631;true;
0014.4F01.0000.0369;2269;227;0.5591397849462365;-0.010752688172043012;0.46236559139784944;0.7256272180130316;true;
0014.4F01.0000.0369;2279;228;0.5752688172043011;-0.016129032258064516;0.45698924731182794;0.7348697366798066;true;
0014.4F01.0000.0369;2289;229;0.5913978494623656;0.0;0.4731182795698925;0.7573587807716272;true;
0014.4F01.0000.0369;2299;230;0.5913978494623656;0.005376344086021506;0.4946236559139785;0.770994735659169;true;
0014.4F01.0000.0369;2309;231;0.6021505376344086;0.005376344086021506;0.510752688172043;0.7896090700619559;true;
0014.4F01.0000.0369;2320;232;0.6129032258064516;0.016129032258064516;0.532258064516129;0.8119169644292399;true;
0014.4F01.0000.0369;2329;233;0.6075268817204301;0.016129032258064516;0.521505376344086;0.8008226490617745;true;
0014.4F01.0000.0369;2339;234;0.6075268817204301;0.010752688172043012;0.5053763440860215;0.7903225806451613;true;
0014.4F01.0000.0369;2349;235;0.5860215053763441;-0.005376344086021506;0.4838709677419355;0.7599876467830283;true;
0014.4F01.0000.0369;2359;236;0.5967741935483871;-0.010752688172043012;0.46236559139784944;0.7550079459826473;true;
0014.4F01.0000.0369;2369;237;0.5913978494623656;-0.010752688172043012;0.44623655913978494;0.740941362973178;true;
0014.4F01.0000.0369;2379;238;0.5967741935483871;-0.005376344086021506;0.46774193548387094;0.7582551426606066;true;
0014.4F01.0000.0369;2389;239;0.5913978494623656;-0.005376344086021506;0.4838709677419355;0.7641409783855067;true;
0014.4F01.0000.0369;2400;240;0.5913978494623656;0.0;0.489247311827957;0.7675378482391556;true;
0014.4F01.0000.0369;2409;241;0.5913978494623656;0.0;0.4731182795698925;0.7573587807716272;true;
0014.4F01.0000.0369;2419;242;0.5913978494623656;0.0;0.46774193548387094;0.7540118928497803;true;
0014.4F01.0000.0369;2429;243;0.5860215053763441;0.0;0.478494623655914;0.7565568779881465;true;
0014.4F01.0000.0369;2439;244;0.5860215053763441;0.005376344086021506;0.478494623655914;0.7565759807890432;true;
0014.4F01.0000.0369;2449;245;0.5913978494623656;0.005376344086021506;0.5053763440860215;0.7779367394500628;true;
0014.4F01.0000.0369;2459;246;0.5967741935483871;0.005376344086021506;0.5268817204301075;0.796098417586952;true;
0014.4F01.0000.0369;2469;247;0.5913978494623656;0.0;0.521505376344086;0.7884917716149596;true;
0014.4F01.0000.0369;2482;248;0.5913978494623656;-0.005376344086021506;0.5;0.7744548543488137;true;
0014.4F01.0000.0369;2489;249;0.5806451612903226;-0.010752688172043012;0.489247311827957;0.7593598328616494;true;
0014.4F01.0000.0369;2499;250;0.5645161290322581;-0.010752688172043012;0.478494623655914;0.7401021450503336;true;
0014.4F01.0000.0369;2509;251;0.5645161290322581;-0.010752688172043012;0.4838709677419355;0.7435893985688657;true;
0014.4F01.0000.0369;2519;252;0.5645161290322581;-0.005376344086021506;0.478494623655914;0.7400435594483011;true;
0014.4F01.0000.0369;2529;253;0.5698924731182796;-0.005376344086021506;0.4946236559139785;0.7546250042122313;true;
0014.4F01.0000.0369;2539;254;0.5860215053763441;0.0;0.5;0.7703383703046062;true;
0014.4F01.0000.0369;2549;255;0.6021505376344086;0.0;0.5053763440860215;0.7861237301692146;true;
0014.4F01.0000.0369;2562;256;0.5967741935483871;0.0;0.510752688172043;0.7854984064657904;true;
0014.4F01.0000.0369;2569;257;0.6075268817204301;0.0;0.5;0.7868220332533586;true;
0014.4F01.0000.0369;2579;258;0.5967741935483871;0.0;0.478494623655914;0.7649160365379606;true;
0014.4F01.0000.0369;2589;259;0.5860215053763441;-0.005376344086021506;0.478494623655914;0.7565759807890432;true;
0014.4F01.0000.0369;2599;260;0.5860215053763441;0.0;0.4946236559139785;0.7668596780071738;true;
0014.4F01.0000.0369;2609;261;0.5913978494623656;0.005376344086021506;0.5053763440860215;0.7779367394500628;true;
0014.4F01.0000.0369;2619;262;0.5967741935483871;0.005376344086021506;0.4946236559139785;0.7751263794703216;true;
0014.4F01.0000.0369;2629;263;0.5967741935483871;0.0;0.489247311827957;0.7716880005651312;true;
0014.4F01.0000.0369;2642;264;0.5860215053763441;0.0;0.5;0.7703383703046062;true;
0014.4F01.0000.0369;2649;265;0.5752688172043011;-0.005376344086021506;0.4946236559139785;0.7586934019174522;true;
0014.4F01.0000.0369;2659;266;0.5806451612903226;-0.010752688172043012;0.489247311827957;0.7593598328616494;true;
0014.4F01.0000.0369;2669;267;0.5752688172043011;0.0;0.5;0.7621904040642572;true;
0014.4F01.0000.0369;2679;268;0.5698924731182796;-0.010752688172043012;0.510752688172043;0.7653504816061478;true;
0014.4F01.0000.0369;2689;269;0.5698924731182796;-0.010752688172043012;0.5;0.7582170211883892;true;
0014.4F01.0000.0369;2699;270;0.5698924731182796;0.0;0.5;0.7581407724933866;true;
0014.4F01.0000.0369;2709;271;0.5806451612903226;-0.005376344086021506;0.5;0.7662752171417239;true;
0014.4F01.0000.0369;2723;272;0.5913978494623656;0.005376344086021506;0.4838709677419355;0.7641409783855067;true;
0014.4F01.0000.0369;2729;273;0.6021505376344086;-0.005376344086021506;0.478494623655914;0.7691367108107332;true;
0014.4F01.0000.0369;2739;274;0.6129032258064516;0.0;0.4838709677419355;0.7808850604458196;true;
0014.4F01.0000.0369;2749;275;0.6290322580645161;0.010752688172043012;0.489247311827957;0.7969693432746027;true;
0014.4F01.0000.0369;2759;276;0.6182795698924731;0.010752688172043012;0.5053763440860215;0.7986178660730672;true;
0014.4F01.0000.0369;2769;277;0.6129032258064516;0.010752688172043012;0.5161290322580645;0.8013458444682455;true;
0014.4F01.0000.0369;2779;278;0.6021505376344086;0.0;0.510752688172043;0.7895907664406768;true;
0014.4F01.0000.0369;2789;279;0.5860215053763441;-0.005376344086021506;0.5;0.7703571313613498;true;
0014.4F01.0000.0369;2800;280;0.5591397849462365;-0.016129032258064516;0.478494623655914;0.7361077024857979;true;
0014.4F01.0000.0369;2809;281;0.543010752688172;-0.021505376344086023;0.46774193548387094;0.717011629582724;true;
0014.4F01.0000.0369;2819;282;0.553763440860215;-0.016129032258064516;0.46236559139784944;0.7215927066036696;true;
0014.4F01.0000.0369;2829;283;0.553763440860215;-0.021505376344086023;0.46774193548387094;0.7251889049449415;true;
0014.4F01.0000.0369;2839;284;0.5591397849462365;-0.010752688172043012;0.46774193548387094;0.7290647691548718;true;
0014.4F01.0000.0369;2849;285;0.5698924731182796;0.0;0.478494623655914;0.7441334126247012;true;
0014.4F01.0000.0369;2859;286;0.5698924731182796;0.0;0.5;0.7581407724933866;true;
0014.4F01.0000.0369;2869;287;0.5860215053763441;0.0;0.5268817204301075;0.7880517445491423;true;
0014.4F01.0000.0369;2880;288;0.5913978494623656;0.005376344086021506;0.532258064516129;0.795662597252691;true;
0014.4F01.0000.0369;2889;289;0.5860215053763441;0.005376344086021506;0.5161290322580645;0.7809220753563918;true;
0014.4F01.0000.0369;2899;290;0.5913978494623656;0.005376344086021506;0.5161290322580645;0.784964648480483;true;
0014.4F01.0000.0369;2909;291;0.5860215053763441;0.010752688172043012;0.5268817204301075;0.7881250994543135;true;
0014.4F01.0000.0369;2919;292;0.5967741935483871;0.005376344086021506;0.532258064516129;0.7996667996131357;true;
0014.4F01.0000.0369;2929;293;0.5967741935483871;0.005376344086021506;0.5161290322580645;0.7890231435773638;true;
0014.4F01.0000.0369;2939;294;0.5967741935483871;0.005376344086021506;0.5161290322580645;0.7890231435773638;true;
0014.4F01.0000.0369;2949;295;0.5913978494623656;0.010752688172043012;0.521505376344086;0.7885650855873741;true;
0014.4F01.0000.0369;2960;296;0.5752688172043011;0.0;0.521505376344086;0.7764676874174626;true;
0014.4F01.0000.0369;2969;297;0.5698924731182796;-0.005376344086021506;0.510752688172043;0.7652938288445611;true;
0014.4F01.0000.0369;2979;298;0.5645161290322581;-0.016129032258064516;0.5053763440860215;0.7578547715630611;true;
0014.4F01.0000.0369;2989;299;0.5645161290322581;-0.010752688172043012;0.5;0.7541843807985487;true;
0014.4F01.0000.0369;2999;300;0.5591397849462365;-0.010752688172043012;0.4946236559139785;0.7465959284662345;true;
0014.4F01.0000.0369;3009;301;0.5752688172043011;-0.010752688172043012;0.489247311827957;0.7552567540124636;true;
0014.4F01.0000.0369;3019;302;0.5752688172043011;-0.005376344086021506;0.5;0.7622093656754467;true;
0014.4F01.0000.0369;3029;303;0.5698924731182796;0.0;0.5053763440860215;0.7616972364913909;true;
0014.4F01.0000.0369;3040;304;0.5645161290322581;0.0;0.510752688172043;0.7612796913175428;true;
0014.4F01.0000.0369;3049;305;0.5860215053763441;0.005376344086021506;0.510752688172043;0.7773791985345736;true;
0014.4F01.0000.0369;3059;306;0.5967741935483871;0.005376344086021506;0.4946236559139785;0.7751263794703216;true;
0014.4F01.0000.0369;3069;307;0.6021505376344086;0.005376344086021506;0.5053763440860215;0.7861421145129495;true;
0014.4F01.0000.0369;3079;308;0.6021505376344086;0.0;0.543010752688172;0.8108304061321223;true;
0014.4F01.0000.0369;3089;309;0.5913978494623656;0.0;0.532258064516129;0.795644432891456;true;
0014.4F01.0000.0369;3099;310;0.5860215053763441;-0.005376344086021506;0.510752688172043;0.7773791985345736;true;
0014.4F01.0000.0369;3109;311;0.5806451612903226;-0.005376344086021506;0.4946236559139785;0.762777994828971;true;
0014.4F01.0000.0369;3120;312;0.5806451612903226;-0.005376344086021506;0.4946236559139785;0.762777994828971;true;
0014.4F01.0000.0369;3129;313;0.5698924731182796;-0.005376344086021506;0.5161290322580645;0.7688923942478859;true;
0014.4F01.0000.0369;3139;314;0.5591397849462365;-0.005376344086021506;0.5161290322580645;0.7609568858516894;true;
0014.4F01.0000.0369;3149;315;0.5645161290322581;-0.005376344086021506;0.5161290322580645;0.7649160365379605;true;
0014.4F01.0000.0369;3159;316;0.5698924731182796;-0.005376344086021506;0.510752688172043;0.7652938288445611;true;
0014.4F01.0000.0369;3169;317;0.5645161290322581;-0.005376344086021506;0.510752688172043;0.7612986756117894;true;
0014.4F01.0000.0369;3179;318;0.5645161290322581;0.0;0.5161290322580645;0.7648971420244759;true;
0014.4F01.0000.0369;3189;319;0.5752688172043011;-0.005376344086021506;0.5161290322580645;0.7728856934003974;true;
0014.4F01.0000.0369;3204;320;0.5913978494623656;-0.005376344086021506;0.5268817204301075;0.7920761761016627;true;
0014.4F01.0000.0369;3209;321;0.5806451612903226;-0.005376344086021506;0.532258064516129;0.7877032154612876;true;
0014.4F01.0000.0369;3219;322;0.5752688172043011;0.0;0.532258064516129;0.7837300933931856;true;
0014.4F01.0000.0369;3229;323;0.5698924731182796;0.0;0.521505376344086;0.7724929051277143;true;
0014.4F01.0000.0369;3239;324;0.5698924731182796;0.0;0.5053763440860215;0.7616972364913909;true;
0014.4F01.0000.0369;3249;325;0.5806451612903226;-0.005376344086021506;0.5;0.7662752171417239;true;
0014.4F01.0000.0369;3259;326;0.5860215053763441;-0.005376344086021506;0.5161290322580645;0.7809220753563918;true;
0014.4F01.0000.0369;3269;327;0.5752688172043011;-0.005376344086021506;0.521505376344086;0.7764863003808591;true;
0014.4F01.0000.0369;3283;328;0.5752688172043011;0.0;0.5161290322580645;0.7728669937235526;true;
0014.4F01.0000.0369;3289;329;0.5806451612903226;0.0;0.510752688172043;0.7733156611661456;true;
0014.4F01.0000.0369;3299;330;0.5806451612903226;0.0;0.5;0.7662563561432066;true;
0014.4F01.0000.0369;3309;331;0.5860215053763441;0.010752688172043012;0.510752688172043;0.7774349706190543;true;
0014.4F01.0000.0369;3319;332;0.5860215053763441;0.0;0.5268817204301075;0.7880517445491423;true;
0014.4F01.0000.0369;3329;333;0.5860215053763441;0.010752688172043012;0.5483870967741935;0.8026613438897567;true;
0014.4F01.0000.0369;3339;334;0.5806451612903226;0.0;0.532258064516129;0.7876848675532117;true;
0014.4F01.0000.0369;3349;335;0.5860215053763441;-0.005376344086021506;0.5053763440860215;0.7738574539287197;true;
0014.4F01.0000.0369;3362;336;0.5860215053763441;0.0;0.510752688172043;0.7773606069505482;true;
0014.4F01.0000.0369;3369;337;0.5752688172043011;0.0;0.521505376344086;0.7764676874174626;true;
0014.4F01.0000.0369;3379;338;0.5698924731182796;0.005376344086021506;0.532258064516129;0.7798108637580372;true;
0014.4F01.0000.0369;3389;339;0.5591397849462365;0.0;0.5268817204301075;0.7682718571138172;true;
0014.4F01.0000.0369;3399;340;0.5591397849462365;0.0;0.5376344086021505;0.7756855396503842;true;
0014.4F01.0000.0369;3409;341;0.5591397849462365;0.0;0.5376344086021505;0.7756855396503842;true;
0014.4F01.0000.0369;3419;342;0.5645161290322581;-0.005376344086021506;0.532258064516129;0.7758904640835278;true;
0014.4F01.0000.0369;3429;343;0.5591397849462365;-0.005376344086021506;0.5268817204301075;0.768290668633197;true;
0014.4F01.0000.0369;3440;344;0.5698924731182796;0.0;0.532258064516129;0.7797923301490756;true;
0014.4F01.0000.0369;3449;345;0.5645161290322581;-0.010752688172043012;0.543010752688172;0.7833611924109245;true;
0014.4F01.0000.0369;3459;346;0.5645161290322581;-0.005376344086021506;0.543010752688172;0.7833058422789092;true;
0014.4F01.0000.0369;3469;347;0.5591397849462365;-0.010752688172043012;0.5268817204301075;0.7683471004279503;true;
0014.4F01.0000.0369;3479;348;0.553763440860215;-0.005376344086021506;0.510752688172043;0.7533599153021379;true;
0014.4F01.0000.0369;3489;349;0.5591397849462365;-0.005376344086021506;0.5161290322580645;0.7609568858516894;true;
0014.4F01.0000.0369;3499;350;0.5591397849462365;-0.005376344086021506;0.5161290322580645;0.7609568858516894;true;
0014.4F01.0000.0369;3509;351;0.5752688172043011;-0.005376344086021506;0.5053763440860215;0.7657469335786593;true;
0014.4F01.0000.0369;3522;352;0.5860215053763441;0.0;0.521505376344086;0.7844673749234848;true;
0014.4F01.0000.0369;3529;353;0.5860215053763441;0.005376344086021506;0.532258064516129;0.7916746535551985;true;
0014.4F01.0000.0369;3539;354;0.5913978494623656;0.005376344086021506;0.5483870967741935;0.8065412136604495;true;
0014.4F01.0000.0369;3549;355;0.5913978494623656;0.005376344086021506;0.5376344086021505;0.7992690903177893;true;
0014.4F01.0000.0369;3559;356;0.5806451612903226;0.005376344086021506;0.5376344086021505;0.7913459835739234;true;
0014.4F01.0000.0369;3569;357;0.5645161290322581;0.0;0.521505376344086;0.7685351764840382;true;
0014.4F01.0000.0369;3579;358;0.5645161290322581;-0.010752688172043012;0.510752688172043;0.7613556256543051;true;
0014.4F01.0000.0369;3589;359;0.5591397849462365;-0.016129032258064516;0.5053763440860215;0.753858537096356;true;
0014.4F01.0000.0369;3600;360;0.553763440860215;-0.010752688172043012;0.510752688172043;0.7534174654275266;true;
0014.4F01.0000.0369;3609;361;0.5591397849462365;-0.016129032258064516;0.5268817204301075;0.7684411442099487;true;
0014.4F01.0000.0369;3619;362;0.5591397849462365;-0.010752688172043012;0.532258064516129;0.772043759546766;true;
0014.4F01.0000.0369;3629;363;0.5645161290322581;-0.005376344086021506;0.532258064516129;0.7758904640835278;true;
0014.4F01.0000.0369;3639;364;0.5752688172043011;0.0;0.543010752688172;0.7910719876108688;true;
0014.4F01.0000.0369;3649;365;0.5645161290322581;0.005376344086021506;0.5483870967741935;0.7870424212974324;true;
0014.4F01.0000.0369;3659;366;0.5698924731182796;0.010752688172043012;0.543010752688172;0.7872443894717632;true;
0014.4F01.0000.0369;3669;367;0.5860215053763441;0.005376344086021506;0.532258064516129;0.7916746535551985;true;
0014.4F01.0000.0369;3680;368;0.5806451612903226;0.005376344086021506;0.5268817204301075;0.7840803885629241;true;
0014.4F01.0000.0369;3689;369;0.5860215053763441;-0.005376344086021506;0.5268817204301075;0.78807008391556;true;
0014.4F01.0000.0369;3699;370;0.5698924731182796;0.0;0.5268817204301075;0.776132577747036;true;
0014.4F01.0000.0369;3709;371;0.5645161290322581;-0.016129032258064516;0.5268817204301075;0.7723619313136405;true;
0014.4F01.0000.0369;3719;372;0.5645161290322581;-0.016129032258064516;0.5161290322580645;0.7650671758471885;true;
0014.4F01.0000.0369;3729;373;0.5591397849462365;-0.016129032258064516;0.521505376344086;0.7647648673593028;true;
0014.4F01.0000.0369;3739;374;0.553763440860215;-0.016129032258064516;0.5268817204301075;0.764538057547377;true;
0014.4F01.0000.0369;3749;375;0.5483870967741935;-0.010752688172043012;0.532258064516129;0.7642922709630194;true;
0014.4F01.0000.0369;3760;376;0.5591397849462365;-0.005376344086021506;0.532258064516129;0.7719875979754536;true;
0014.4F01.0000.0369;3769;377;0.5591397849462365;0.005376344086021506;0.5268817204301075;0.768290668633197;true;
0014.4F01.0000.0369;3779;378;0.5645161290322581;0.0;0.5268817204301075;0.772193503767647;true;
0014.4F01.0000.0369;3789;379;0.5591397849462365;0.0;0.5268817204301075;0.7682718571138172;true;
0014.4F01.0000.0369;3799;380;0.5752688172043011;-0.005376344086021506;0.5268817204301075;0.780107341618291;true;
0014.4F01.0000.0369;3810;381;0.5752688172043011;-0.005376344086021506;0.532258064516129;0.783748533884321;true;
0014.4F01.0000.0369;3819;382;0.5698924731182796;-0.005376344086021506;0.543010752688172;0.7871893123814471;true;
