0014.4F01.0000.0369;0;0;0.6397849462365591;0.010752688172043012;1.0161290322580645;1.200815809327789;true;
0014.4F01.0000.0369;9;1;0.521505376344086;0.05913978494623656;0.8978494623655914;1.0399995330717489;true;
0014.4F01.0000.0369;19;2;0.3709677419354839;0.14516129032258066;0.7365591397849462;0.8373817720523705;true;
0014.4F01.0000.0369;29;3;0.23655913978494625;0.1827956989247312;0.6397849462365591;0.7061864283545044;true;
0014.4F01.0000.0369;39;4;0.17204301075268819;0.22580645161290322;0.5698924731182796;0.6366826384123639;true;
0014.4F01.0000.0369;49;5;0.1827956989247312;0.22580645161290322;0.5645161290322581;0.6348868254050926;true;
0014.4F01.0000.0369;59;6;0.17204301075268819;0.3010752688172043;0.5913978494623656;0.6855629302922616;true;
0014.4F01.0000.0369;69;7;0.04838709677419355;0.3010752688172043;0.7365591397849462;0.7971869260269683;true;
0014.4F01.0000.0369;82;8;-0.1827956989247312;0.3118279569892473;0.956989247311828;1.0229757386057248;true;
0014.4F01.0000.0369;89;9;-0.3655913978494624;0.34946236559139787;1.1397849462365592;1.246952580820031;true;
0014.4F01.0000.0369;99;10;-0.532258064516129;0.3548387096774194;1.424731182795699;1.5617516128880493;true;
0014.4F01.0000.0369;109;11;-0.6182795698924731;0.3064516129032258;1.6129032258064515;1.7543201057430389;true;
0014.4F01.0000.0369;119;12;-0.6666666666666666;0.26344086021505375;1.7096774193548387;1.8538722743293599;true;
0014.4F01.0000.0369;129;13;-0.7043010752688172;0.3172043010752688;1.7526881720430108;1.9153522917899288;true;
0014.4F01.0000.0369;139;14;-0.7526881720430108;0.22580645161290322;1.6236559139784945;1.8038255361649584;true;
0014.4F01.0000.0369;149;15;-0.6989247311827957;0.1989247311827957;1.478494623655914;1.6474262292177255;true;
0014.4F01.0000.0369;160;16;-0.5967741935483871;0.14516129032258066;1.2956989247311828;1.433892235087068;true;
0014.4F01.0000.0369;169;17;-0.5645161290322581;0.05913978494623656;1.1666666666666667;1.2974155406854673;true;
0014.4F01.0000.0369;179;18;-0.510752688172043;0.05913978494623656;1.0483870967741935;1.1676820317710972;true;
0014.4F01.0000.0369;189;19;-0.5;0.043010752688172046;0.967741935483871;1.0901258544502428;true;
0014.4F01.0000.0369;199;20;-0.5;0.021505376344086023;0.9139784946236559;1.0420264727185318;true;
0014.4F01.0000.0369;209;21;-0.4838709677419355;0.0;0.8709677419354839;0.9963513039664839;true;
0014.4F01.0000.0369;219;22;-0.43010752688172044;-0.005376344086021506;0.8494623655913979;0.9521594931061576;true;
0014.4F01.0000.0369;229;23;-0.4032258064516129;-0.021505376344086023;0.8279569892473119;0.9211765890662482;true;
0014.4F01.0000.0369;240;24;-0.3602150537634409;-0.03763440860215054;0.8494623655913979;0.9234487231161056;true;
0014.4F01.0000.0369;249;25;-0.34946236559139787;-0.04838709677419355;0.8494623655913979;0.9198106145588366;true;
0014.4F01.0000.0369;259;26;-0.3548387096774194;-0.03225806451612903;0.8279569892473119;0.901367776579203;true;
0014.4F01.0000.0369;269;27;-0.3709677419354839;-0.010752688172043012;0.8387096774193549;0.9171513554787537;true;
0014.4F01.0000.0369;279;28;-0.34408602150537637;-0.005376344086021506;0.8387096774193549;0.906563852284001;true;
0014.4F01.0000.0369;289;29;-0.27956989247311825;0.005376344086021506;0.8494623655913979;0.8943011463759263;true;
0014.4F01.0000.0369;299;30;-0.22043010752688172;-0.005376344086021506;0.8817204301075269;0.9088725181503984;true;
0014.4F01.0000.0369;309;31;-0.14516129032258066;-0.016129032258064516;0.9139784946236559;0.9255747590142152;true;
0014.4F01.0000.0369;322;32;-0.10752688172043011;-0.016129032258064516;0.9247311827956989;0.9311014640783427;true;
0014.4F01.0000.0369;329;33;-0.13978494623655913;-0.021505376344086023;0.9247311827956989;0.9354838709677419;true;
0014.4F01.0000.0369;339;34;-0.1881720430107527;-0.016129032258064516;0.9301075268817204;0.9490884442529328;true;
0014.4F01.0000.0369;349;35;-0.22043010752688172;-0.010752688172043012;0.9086021505376344;0.9350202781591701;true;
0014.4F01.0000.0369;359;36;-0.21505376344086022;0.016129032258064516;0.8870967741935484;0.9129342548268515;true;
0014.4F01.0000.0369;369;37;-0.20430107526881722;0.021505376344086023;0.8924731182795699;0.9158109397792509;true;
0014.4F01.0000.0369;379;38;-0.15591397849462366;0.016129032258064516;0.9301075268817204;0.9432228400190668;true;
0014.4F01.0000.0369;389;39;-0.11290322580645161;0.0;0.9731182795698925;0.9796460199636244;true;
0014.4F01.0000.0369;401;40;-0.03763440860215054;0.0;1.0;1.0007079237773795;true;
0014.4F01.0000.0369;409;41;-0.026881720430107527;-0.005376344086021506;1.021505376344086;1.0218731652553004;true;
0014.4F01.0000.0369;419;42;-0.053763440860215055;-0.005376344086021506;1.053763440860215;1.0551477630845933;true;
0014.4F01.0000.0369;429;43;-0.08064516129032258;-0.010752688172043012;1.0483870967741935;1.0515392370354468;true;
0014.4F01.0000.0369;439;44;-0.11290322580645161;0.021505376344086023;1.0161290322580645;1.0226083462435234;true;
0014.4F01.0000.0369;449;45;-0.1881720430107527;0.06989247311827956;0.9946236559139785;1.0146772356139258;true;
0014.4F01.0000.0369;459;46;-0.23118279569892472;0.08602150537634409;0.9731182795698925;1.0038946012642216;true;
0014.4F01.0000.0369;469;47;-0.1881720430107527;0.06989247311827956;0.9838709677419355;1.004139311417934;true;
0014.4F01.0000.0369;481;48;-0.03763440860215054;0.053763440860215055;0.9946236559139785;0.9967863728942384;true;
0014.4F01.0000.0369;489;49;0.053763440860215055;0.043010752688172046;1.0161290322580645;1.0184589548026193;true;
0014.4F01.0000.0369;499;50;0.10215053763440861;0.03225806451612903;1.0698924731182795;1.075241935147841;true;
0014.4F01.0000.0369;509;51;0.06989247311827956;0.016129032258064516;1.1236559139784945;1.1259430343045855;true;
0014.4F01.0000.0369;519;52;-0.005376344086021506;0.021505376344086023;1.1344086021505377;1.134625164061052;true;
0014.4F01.0000.0369;529;53;-0.05913978494623656;0.03763440860215054;1.10752688172043;1.1097430588238433;true;
0014.4F01.0000.0369;539;54;-0.0913978494623656;0.06989247311827956;1.0483870967741935;1.0546819565004215;true;
0014.4F01.0000.0369;549;55;-0.08064516129032258;0.08064516129032258;1.0053763440860215;1.0118245289213237;true;
0014.4F01.0000.0369;560;56;-0.08064516129032258;0.08064516129032258;0.9731182795698925;0.979778786314621;true;
0014.4F01.0000.0369;569;57;-0.08064516129032258;0.06451612903225806;0.967741935483871;0.9732370865513285;true;
0014.4F01.0000.0369;579;58;-0.07526881720430108;0.05913978494623656;0.967741935483871;0.9724645817205326;true;
0014.4F01.0000.0369;589;59;-0.07526881720430108;0.043010752688172046;0.9731182795698925;0.9769721110263103;true;
0014.4F01.0000.0369;599;60;-0.07526881720430108;0.043010752688172046;0.9623655913978495;0.9662623097258167;true;
0014.4F01.0000.0369;609;61;-0.08602150537634409;0.03763440860215054;0.956989247311828;0.9615843528097289;true;
0014.4F01.0000.0369;616;62;0.0;0.0;0.0;0.0;true;
