0014.4F01.0000.0369;0;0;-0.3655913978494624;0.0913978494623656;1.1129032258064515;1.1749741388976502;true;
0014.4F01.0000.0369;10;1;-0.3817204301075269;0.0913978494623656;1.0698924731182795;1.13962009357635;true;
0014.4F01.0000.0369;20;2;-0.3978494623655914;0.04838709677419355;1.0483870967741935;1.122381847020633;true;
0014.4F01.0000.0369;30;3;-0.4838709677419355;0.04838709677419355;1.0161290322580645;1.1264948445312402;true;
0014.4F01.0000.0369;40;4;-0.5860215053763441;0.03763440860215054;1.0;1.1596713126892422;true;
0014.4F01.0000.0369;50;5;-0.7311827956989247;0.04838709677419355;1.0376344086021505;1.270297113975886;true;
0014.4F01.0000.0369;60;6;-0.8548387096774194;0.053763440860215055;1.1559139784946237;1.4386719058963215;true;
0014.4F01.0000.0369;71;7;-0.9354838709677419;0.04838709677419355;1.2795698924731183;1.5858027915534432;true;
0014.4F01.0000.0369;80;8;-0.9623655913978495;0.05913978494623656;1.3387096774193548;1.6497844241252408;true;
0014.4F01.0000.0369;90;9;-0.9408602150537635;0.0967741935483871;1.2956989247311828;1.604187923018216;true;
0014.4F01.0000.0369;100;10;-0.8978494623655914;0.12903225806451613;1.1989247311827957;1.5033973166575587;true;
0014.4F01.0000.0369;110;11;-0.8494623655913979;0.16666666666666666;1.0591397849462365;1.3678966234295162;true;
0014.4F01.0000.0369;120;12;-0.8817204301075269;0.16129032258064516;0.967741935483871;1.3190792010797683;true;
0014.4F01.0000.0369;130;13;-0.9086021505376344;0.15591397849462366;0.9516129032258065;1.3249279807738548;true;
0014.4F01.0000.0369;140;14;-0.978494623655914;0.14516129032258066;1.0;1.406599988885129;true;
0014.4F01.0000.0369;153;15;-0.8333333333333334;0.1881720430107527;1.010752688172043;1.323432717920445;true;
0014.4F01.0000.0369;160;16;-0.5913978494623656;0.24731182795698925;1.0;1.1878192440755193;true;
0014.4F01.0000.0369;170;17;-0.3225806451612903;0.2849462365591398;0.9838709677419355;1.0738969743543112;true;
0014.4F01.0000.0369;180;18;-0.27419354838709675;0.25268817204301075;0.9731182795698925;1.0421096872693454;true;
0014.4F01.0000.0369;190;19;-0.3655913978494624;0.010752688172043012;0.9354838709677419;1.0044415181210102;true;
0014.4F01.0000.0369;200;20;-0.3655913978494624;0.2903225806451613;0.8978494623655914;1.0119673552462902;true;
0014.4F01.0000.0369;210;21;-0.16129032258064516;0.2849462365591398;0.7688172043010753;0.8356367748709406;true;
0014.4F01.0000.0369;220;22;0.021505376344086023;0.2956989247311828;0.8010752688172043;0.8541790922338445;true;
0014.4F01.0000.0369;231;23;0.17204301075268819;0.24731182795698925;0.967741935483871;1.0135513758514394;true;
0014.4F01.0000.0369;240;24;0.20430107526881722;0.20430107526881722;1.0913978494623655;1.1289938549536336;true;
0014.4F01.0000.0369;250;25;0.15591397849462366;0.16129032258064516;1.1344086021505377;1.1563765016123977;true;
0014.4F01.0000.0369;260;26;0.0913978494623656;0.1827956989247312;1.1129032258064515;1.1315128918585646;true;
0014.4F01.0000.0369;270;27;0.06451612903225806;0.20967741935483872;1.043010752688172;1.0658322482059543;true;
0014.4F01.0000.0369;280;28;0.0967741935483871;0.24193548387096775;0.956989247311828;0.9918298454691102;true;
0014.4F01.0000.0369;290;29;0.15053763440860216;0.26881720430107525;0.9193548387096774;0.9696069245629803;true;
0014.4F01.0000.0369;300;30;0.20967741935483872;0.25806451612903225;0.9623655913978495;1.0181892978119291;true;
0014.4F01.0000.0369;313;31;0.1989247311827957;0.1989247311827957;1.0268817204301075;1.064719758953403;true;
0014.4F01.0000.0369;320;32;0.11290322580645161;0.17204301075268819;1.0483870967741935;1.0683919882837827;true;
0014.4F01.0000.0369;330;33;-0.05913978494623656;0.13440860215053763;1.032258064516129;1.0426504199654518;true;
0014.4F01.0000.0369;340;34;-0.15053763440860216;0.12903225806451613;0.9838709677419355;1.00364983144522;true;
0014.4F01.0000.0369;350;35;-0.11827956989247312;0.13440860215053763;0.946236559139785;0.9630261444211728;true;
0014.4F01.0000.0369;360;36;-0.016129032258064516;0.12365591397849462;0.9139784946236559;0.9224465401192432;true;
0014.4F01.0000.0369;370;37;0.03763440860215054;0.13440860215053763;0.9139784946236559;0.9245748805139685;true;
0014.4F01.0000.0369;380;38;0.053763440860215055;0.13440860215053763;0.9408602150537635;0.9519317854637513;true;
0014.4F01.0000.0369;391;39;0.0;0.12365591397849462;1.0053763440860215;1.0129523080133789;true;
0014.4F01.0000.0369;400;40;-0.08602150537634409;0.11827956989247312;1.0591397849462365;1.0691898054588442;true;
0014.4F01.0000.0369;410;41;-0.1827956989247312;0.11827956989247312;1.0913978494623655;1.1129032258064515;true;
0014.4F01.0000.0369;420;42;-0.24731182795698925;0.12903225806451613;1.0698924731182795;1.1056592458365297;true;
0014.4F01.0000.0369;430;43;-0.3010752688172043;0.1935483870967742;0.9946236559139785;1.0570636274817153;true;
0014.4F01.0000.0369;440;44;-0.2956989247311828;0.22043010752688172;0.9086021505376344;0.9806044841591866;true;
0014.4F01.0000.0369;450;45;-0.3333333333333333;0.1774193548387097;0.9193548387096774;0.9938823159918844;true;
0014.4F01.0000.0369;460;46;-0.3763440860215054;0.12903225806451613;0.9731182795698925;1.0513055601192536;true;
0014.4F01.0000.0369;473;47;-0.42473118279569894;0.08602150537634409;0.9946236559139785;1.0849297184287718;true;
0014.4F01.0000.0369;480;48;-0.44623655913978494;0.0913978494623656;0.9731182795698925;1.0744486119086047;true;
0014.4F01.0000.0369;490;49;-0.45698924731182794;0.10215053763440861;0.956989247311828;1.0654118095685297;true;
0014.4F01.0000.0369;495;50;0.0;0.0;0.0;0.0;true;
0014.4F01.0000.0369;496;51;0.0;0.0;0.0;0.0;true;
0014.4F01.0000.0369;497;52;0.0;0.0;0.0;0.0;true;
0014.4F01.0000.0369;498;53;0.0;0.0;0.0;0.0;true;
