0014.4F01.0000.0369;0;0;-0.41935483870967744;0.12365591397849462;1.0698924731182795;1.1557764359279112;true;
0014.4F01.0000.0369;10;1;-0.43548387096774194;0.10215053763440861;1.0698924731182795;1.1596339242395404;true;
0014.4F01.0000.0369;20;2;-0.4731182795698925;0.0913978494623656;1.064516129032258;1.1684986359937881;true;
0014.4F01.0000.0369;30;3;-0.5;0.08064516129032258;1.0268817204301075;1.144984589325568;true;
0014.4F01.0000.0369;44;4;-0.5161290322580645;0.06451612903225806;0.9946236559139785;1.1224204763584107;true;
0014.4F01.0000.0369;51;5;-0.4838709677419355;0.043010752688172046;1.0;1.1117468409086306;true;
0014.4F01.0000.0369;61;6;-0.44086021505376344;0.043010752688172046;0.978494623655914;1.0740853702511652;true;
0014.4F01.0000.0369;70;7;-0.46774193548387094;0.016129032258064516;0.956989247311828;1.0653032823389958;true;
0014.4F01.0000.0369;80;8;-0.4838709677419355;0.05913978494623656;0.9301075268817204;1.050108870141108;true;
0014.4F01.0000.0369;90;9;-0.5591397849462365;0.021505376344086023;0.8978494623655914;1.0579382956446968;true;
0014.4F01.0000.0369;100;10;-0.5967741935483871;0.016129032258064516;0.9301075268817204;1.1052147281541898;true;
0014.4F01.0000.0369;110;11;-0.6021505376344086;0.026881720430107527;0.9838709677419355;1.1538240671922833;true;
0014.4F01.0000.0369;124;12;-0.6774193548387096;0.043010752688172046;1.043010752688172;1.2444349470261769;true;
0014.4F01.0000.0369;131;13;-0.6666666666666666;0.03225806451612903;1.0698924731182795;1.261013454014635;true;
0014.4F01.0000.0369;141;14;-0.6290322580645161;0.05913978494623656;1.053763440860215;1.2286563739072007;true;
0014.4F01.0000.0369;150;15;-0.6344086021505376;0.06989247311827956;0.9946236559139785;1.181793319148859;true;
0014.4F01.0000.0369;160;16;-0.6935483870967742;0.06989247311827956;0.9247311827956989;1.1580250789503044;true;
0014.4F01.0000.0369;170;17;-0.7258064516129032;0.021505376344086023;0.8924731182795699;1.1505501958916324;true;
0014.4F01.0000.0369;180;18;-0.7150537634408602;0.026881720430107527;0.8440860215053764;1.1065738670350909;true;
0014.4F01.0000.0369;190;19;-0.7311827956989247;-0.016129032258064516;0.8064516129032258;1.0886930836383095;true;
0014.4F01.0000.0369;203;20;-0.8225806451612904;-0.08064516129032258;0.7419354838709677;1.1106803419797948;true;
0014.4F01.0000.0369;211;21;-0.8387096774193549;-0.1774193548387097;0.7043010752688172;1.1094825618697548;true;
0014.4F01.0000.0369;221;22;-0.8010752688172043;-0.20967741935483872;0.6666666666666666;1.0630760325312132;true;
0014.4F01.0000.0369;230;23;-0.7473118279569892;-0.15053763440860216;0.6021505376344086;0.9714534561939454;true;
0014.4F01.0000.0369;240;24;-0.7473118279569892;-0.11290322580645161;0.5913978494623656;0.9596736544006146;true;
0014.4F01.0000.0369;250;25;-0.8064516129032258;-0.04838709677419355;0.5591397849462365;0.9825186075582351;true;
0014.4F01.0000.0369;260;26;-0.8763440860215054;-0.08064516129032258;0.5268817204301075;1.0257128967054083;true;
0014.4F01.0000.0369;270;27;-1.043010752688172;-0.10215053763440861;0.553763440860215;1.1853101328325388;true;
0014.4F01.0000.0369;283;28;-1.118279569892473;-0.08602150537634409;0.6666666666666666;1.3047579623326893;true;
0014.4F01.0000.0369;291;29;-1.1559139784946237;-0.08602150537634409;0.7365591397849462;1.373337610155355;true;
0014.4F01.0000.0369;301;30;-1.1397849462365592;-0.03225806451612903;0.7849462365591398;1.3843015931082938;true;
0014.4F01.0000.0369;310;31;-1.1344086021505377;-0.08064516129032258;0.7849462365591398;1.3818564009914476;true;
0014.4F01.0000.0369;320;32;-1.0376344086021505;-0.05913978494623656;0.7419354838709677;1.2769694367154873;true;
0014.4F01.0000.0369;330;33;-0.946236559139785;-0.11290322580645161;0.6344086021505376;1.1448078610547716;true;
0014.4F01.0000.0369;340;34;-0.8817204301075269;-0.13440860215053763;0.44623655913978494;0.9973082050770355;true;
0014.4F01.0000.0369;350;35;-0.8333333333333334;-0.13440860215053763;0.3064516129032258;0.8980104163246073;true;
0014.4F01.0000.0369;363;36;-0.8709677419354839;-0.15591397849462366;0.22043010752688172;0.9118571206535212;true;
0014.4F01.0000.0369;371;37;-0.9193548387096774;-0.17204301075268819;0.22580645161290322;0.9621853618704438;true;
0014.4F01.0000.0369;381;38;-0.9623655913978495;-0.16129032258064516;0.26344086021505375;1.0107240901925454;true;
0014.4F01.0000.0369;390;39;-1.0913978494623655;-0.16666666666666666;0.3064516129032258;1.1457921428600575;true;
0014.4F01.0000.0369;400;40;-1.1720430107526882;-0.15591397849462366;0.3172043010752688;1.224178318859184;true;
0014.4F01.0000.0369;410;41;-1.2043010752688172;-0.15591397849462366;0.3010752688172043;1.251118126348189;true;
0014.4F01.0000.0369;420;42;-1.2473118279569892;-0.13978494623655913;0.24193548387096775;1.2782250997815852;true;
0014.4F01.0000.0369;430;43;-1.2204301075268817;-0.14516129032258066;0.1935483870967742;1.2441794186185349;true;
0014.4F01.0000.0369;442;44;-1.1989247311827957;-0.17204301075268819;0.1827956989247312;1.2249218653187515;true;
0014.4F01.0000.0369;451;45;-1.1559139784946237;-0.15053763440860216;0.12903225806451613;1.1727949644647335;true;
0014.4F01.0000.0369;461;46;-1.0806451612903225;-0.22580645161290322;0.08064516129032258;1.1069264475337734;true;
0014.4F01.0000.0369;470;47;-1.053763440860215;-0.24731182795698925;0.0967741935483871;1.0867132897309797;true;
0014.4F01.0000.0369;480;48;-1.0591397849462365;-0.20967741935483872;0.10752688172043011;1.085036282589566;true;
0014.4F01.0000.0369;490;49;-1.075268817204301;-0.21505376344086022;0.13978494623655913;1.1054370093390087;true;
0014.4F01.0000.0369;500;50;-1.075268817204301;-0.1935483870967742;0.17204301075268819;1.1060121179031217;true;
0014.4F01.0000.0369;510;51;-1.0483870967741935;-0.16666666666666666;0.1774193548387097;1.0762764096326667;true;
0014.4F01.0000.0369;523;52;-1.118279569892473;-0.16129032258064516;0.16666666666666666;1.1420777304434409;true;
0014.4F01.0000.0369;531;53;-1.1290322580645162;-0.14516129032258066;0.15591397849462366;1.1489537887349512;true;
0014.4F01.0000.0369;541;54;-1.1344086021505377;-0.13978494623655913;0.16129032258064516;1.1543124689552926;true;
0014.4F01.0000.0369;550;55;-1.1344086021505377;-0.13440860215053763;0.21505376344086022;1.1624098546275647;true;
0014.4F01.0000.0369;560;56;-1.1612903225806452;-0.12365591397849462;0.25268817204301075;1.194879621832992;true;
0014.4F01.0000.0369;570;57;-1.2096774193548387;-0.11827956989247312;0.27419354838709675;1.2459902156630436;true;
0014.4F01.0000.0369;580;58;-1.2043010752688172;-0.11827956989247312;0.2956989247311828;1.2457002009451372;true;
0014.4F01.0000.0369;590;59;-1.2150537634408602;-0.10215053763440861;0.2956989247311828;1.2546825233811039;true;
0014.4F01.0000.0369;603;60;-1.2258064516129032;-0.07526881720430108;0.24193548387096775;1.251718670474732;true;
0014.4F01.0000.0369;611;61;-1.2096774193548387;-0.03225806451612903;0.17204301075268819;1.2222760895853926;true;
0014.4F01.0000.0369;620;62;-1.2419354838709677;-0.0967741935483871;0.14516129032258066;1.2541294952447581;true;
0014.4F01.0000.0369;630;63;-1.2311827956989247;-0.12903225806451613;0.1881720430107527;1.252145805334622;true;
0014.4F01.0000.0369;640;64;-1.1881720430107527;-0.12365591397849462;0.24193548387096775;1.2188422240840209;true;
0014.4F01.0000.0369;650;65;-1.1612903225806452;-0.12365591397849462;0.2956989247311828;1.2047090322847644;true;
0014.4F01.0000.0369;660;66;-1.1290322580645162;-0.11827956989247312;0.3602150537634409;1.1909906722397146;true;
0014.4F01.0000.0369;670;67;-1.096774193548387;-0.10752688172043011;0.3870967741935484;1.1680409130322813;true;
0014.4F01.0000.0369;682;68;-1.0913978494623655;-0.07526881720430108;0.3548387096774194;1.1500978960679593;true;
0014.4F01.0000.0369;691;69;-1.096774193548387;-0.0967741935483871;0.3064516129032258;1.142887337939153;true;
0014.4F01.0000.0369;701;70;-1.1344086021505377;-0.11290322580645161;0.26344086021505375;1.1700560250951606;true;
0014.4F01.0000.0369;710;71;-1.1451612903225807;-0.0913978494623656;0.21505376344086022;1.1687583449583154;true;
0014.4F01.0000.0369;720;72;-1.1666666666666667;-0.0967741935483871;0.1989247311827957;1.1874541693573692;true;
0014.4F01.0000.0369;730;73;-1.1989247311827957;-0.10752688172043011;0.23655913978494625;1.2267610883746078;true;
0014.4F01.0000.0369;740;74;-1.1935483870967742;-0.0967741935483871;0.27419354838709675;1.228456388666427;true;
0014.4F01.0000.0369;750;75;-1.1720430107526882;-0.0967741935483871;0.2956989247311828;1.212636762463659;true;
0014.4F01.0000.0369;763;76;-1.1666666666666667;-0.0967741935483871;0.3118279569892473;1.211492067827165;true;
0014.4F01.0000.0369;771;77;-1.1612903225806452;-0.10215053763440861;0.3064516129032258;1.2053806605008421;true;
0014.4F01.0000.0369;781;78;-1.1612903225806452;-0.0967741935483871;0.3010752688172043;1.2035808138009476;true;
0014.4F01.0000.0369;790;79;-1.1505376344086022;-0.0913978494623656;0.2903225806451613;1.1901166396237615;true;
0014.4F01.0000.0369;800;80;-1.1290322580645162;-0.0967741935483871;0.27419354838709675;1.165873572161368;true;
0014.4F01.0000.0369;810;81;-1.1451612903225807;-0.10752688172043011;0.26881720430107525;1.1811939300868606;true;
0014.4F01.0000.0369;820;82;-1.1505376344086022;-0.10752688172043011;0.27419354838709675;1.1876367207442557;true;
0014.4F01.0000.0369;830;83;-1.1397849462365592;-0.0967741935483871;0.26881720430107525;1.1750479383976906;true;
0014.4F01.0000.0369;842;84;-1.1612903225806452;-0.10215053763440861;0.3010752688172043;1.2040250259657437;true;
0014.4F01.0000.0369;851;85;-1.1666666666666667;-0.10752688172043011;0.3118279569892473;1.2123983735405284;true;
0014.4F01.0000.0369;861;86;-1.1612903225806452;-0.0967741935483871;0.2903225806451613;1.2009361592894379;true;
0014.4F01.0000.0369;870;87;-1.1451612903225807;-0.10215053763440861;0.27419354838709675;1.181952289717899;true;
0014.4F01.0000.0369;880;88;-1.1666666666666667;-0.11290322580645161;0.27419354838709675;1.20376091957071;true;
0014.4F01.0000.0369;890;89;-1.1451612903225807;-0.08602150537634409;0.25268817204301075;1.175859427198221;true;
0014.4F01.0000.0369;900;90;-1.1290322580645162;-0.0967741935483871;0.22043010752688172;1.1544126283922547;true;
0014.4F01.0000.0369;910;91;-1.1505376344086022;-0.10752688172043011;0.23655913978494625;1.1795164708891757;true;
0014.4F01.0000.0369;922;92;-1.1559139784946237;-0.10215053763440861;0.25806451612903225;1.188767913641338;true;
0014.4F01.0000.0369;931;93;-1.1559139784946237;-0.10752688172043011;0.27956989247311825;1.1940931625083613;true;
0014.4F01.0000.0369;941;94;-1.1666666666666667;-0.13440860215053763;0.2903225806451613;1.2097371550364315;true;
0014.4F01.0000.0369;950;95;-1.1397849462365592;-0.12903225806451613;0.3064516129032258;1.187295935451517;true;
0014.4F01.0000.0369;960;96;-1.118279569892473;-0.11827956989247312;0.3172043010752688;1.1683996840608493;true;
0014.4F01.0000.0369;970;97;-1.118279569892473;-0.12365591397849462;0.3064516129032258;1.166084290500365;true;
0014.4F01.0000.0369;980;98;-1.1236559139784945;-0.10752688172043011;0.2903225806451613;1.1655264236145964;true;
0014.4F01.0000.0369;990;99;-1.1290322580645162;-0.0913978494623656;0.24193548387096775;1.1582746587025399;true;
0014.4F01.0000.0369;1003;100;-1.1290322580645162;-0.10215053763440861;0.20967741935483872;1.1528717154465038;true;
0014.4F01.0000.0369;1011;101;-1.1397849462365592;-0.10215053763440861;0.22043010752688172;1.1653900155359096;true;
0014.4F01.0000.0369;1020;102;-1.1505376344086022;-0.11290322580645161;0.26344086021505375;1.1857002460229535;true;
0014.4F01.0000.0369;1030;103;-1.1559139784946237;-0.11290322580645161;0.3010752688172043;1.199804393045018;true;
0014.4F01.0000.0369;1040;104;-1.1720430107526882;-0.11290322580645161;0.3118279569892473;1.2180593713821246;true;
0014.4F01.0000.0369;1050;105;-1.1666666666666667;-0.11290322580645161;0.3118279569892473;1.212887020405735;true;
0014.4F01.0000.0369;1060;106;-1.1505376344086022;-0.10215053763440861;0.3172043010752688;1.19782726181624;true;
0014.4F01.0000.0369;1070;107;-1.1451612903225807;-0.0967741935483871;0.3118279569892473;1.1907964982104653;true;
0014.4F01.0000.0369;1083;108;-1.1505376344086022;-0.08602150537634409;0.2956989247311828;1.1910392108007748;true;
0014.4F01.0000.0369;1091;109;-1.1559139784946237;-0.08602150537634409;0.26881720430107525;1.1898737388457348;true;
0014.4F01.0000.0369;1101;110;-1.1397849462365592;-0.0967741935483871;0.25268817204301075;1.1714633073617182;true;
0014.4F01.0000.0369;1110;111;-1.1451612903225807;-0.10752688172043011;0.26344086021505375;1.1799819905306372;true;
0014.4F01.0000.0369;1120;112;-1.1559139784946237;-0.11290322580645161;0.2903225806451613;1.1971513959851687;true;
0014.4F01.0000.0369;1130;113;-1.1666666666666667;-0.12365591397849462;0.2956989247311828;1.2098924540057872;true;
0014.4F01.0000.0369;1140;114;-1.1612903225806452;-0.11827956989247312;0.3010752688172043;1.205500554735152;true;
0014.4F01.0000.0369;1150;115;-1.1612903225806452;-0.11827956989247312;0.3010752688172043;1.205500554735152;true;
0014.4F01.0000.0369;1164;116;-1.1612903225806452;-0.0913978494623656;0.27956989247311825;1.1979599763695092;true;
0014.4F01.0000.0369;1171;117;-1.1612903225806452;-0.0967741935483871;0.27419354838709675;1.1971393234847425;true;
0014.4F01.0000.0369;1181;118;-1.1451612903225807;-0.0967741935483871;0.27419354838709675;1.181499778826609;true;
0014.4F01.0000.0369;1190;119;-1.1397849462365592;-0.0967741935483871;0.26344086021505375;1.173829653329334;true;
0014.4F01.0000.0369;1200;120;-1.118279569892473;-0.0967741935483871;0.26344086021505375;1.1529594649451829;true;
0014.4F01.0000.0369;1210;121;-1.118279569892473;-0.10752688172043011;0.26881720430107525;1.155151036037998;true;
0014.4F01.0000.0369;1220;122;-1.1236559139784945;-0.11290322580645161;0.27419354838709675;1.1621238545841213;true;
0014.4F01.0000.0369;1230;123;-1.1397849462365592;-0.11827956989247312;0.27419354838709675;1.1782537427475168;true;
0014.4F01.0000.0369;1241;124;-1.1451612903225807;-0.12365591397849462;0.2849462365591398;1.186540991135305;true;
0014.4F01.0000.0369;1251;125;-1.1451612903225807;-0.11827956989247312;0.2903225806451613;1.187295935451517;true;
0014.4F01.0000.0369;1261;126;-1.1505376344086022;-0.10752688172043011;0.27956989247311825;1.1888894831987087;true;
0014.4F01.0000.0369;1270;127;-1.1559139784946237;-0.10752688172043011;0.2849462365591398;1.1953633396172925;true;
0014.4F01.0000.0369;1280;128;-1.1505376344086022;-0.10752688172043011;0.27956989247311825;1.1888894831987087;true;
0014.4F01.0000.0369;1290;129;-1.1451612903225807;-0.0967741935483871;0.27419354838709675;1.181499778826609;true;
0014.4F01.0000.0369;1300;130;-1.1451612903225807;-0.10215053763440861;0.26881720430107525;1.1807166478543965;true;
0014.4F01.0000.0369;1310;131;-1.1505376344086022;-0.10752688172043011;0.2903225806451613;1.1914638388618968;true;
0014.4F01.0000.0369;1322;132;-1.1505376344086022;-0.10752688172043011;0.3064516129032258;1.195496327695761;true;
0014.4F01.0000.0369;1331;133;-1.1397849462365592;-0.10752688172043011;0.3118279569892473;1.186553171467711;true;
0014.4F01.0000.0369;1341;134;-1.1559139784946237;-0.10215053763440861;0.3118279569892473;1.2015858407863986;true;
0014.4F01.0000.0369;1350;135;-1.1505376344086022;-0.10215053763440861;0.3064516129032258;1.195024757727023;true;
0014.4F01.0000.0369;1360;136;-1.1451612903225807;-0.0967741935483871;0.3064516129032258;1.1893999396507497;true;
0014.4F01.0000.0369;1370;137;-1.1505376344086022;-0.0967741935483871;0.3064516129032258;1.194577198752124;true;
0014.4F01.0000.0369;1380;138;-1.1236559139784945;-0.08602150537634409;0.27956989247311825;1.161103628959745;true;
0014.4F01.0000.0369;1390;139;-1.1236559139784945;-0.11290322580645161;0.27419354838709675;1.1621238545841213;true;
0014.4F01.0000.0369;1402;140;-1.1344086021505377;-0.11827956989247312;0.27956989247311825;1.1743220418882192;true;
0014.4F01.0000.0369;1411;141;-1.1397849462365592;-0.11827956989247312;0.2956989247311828;1.1834431268162413;true;
0014.4F01.0000.0369;1421;142;-1.1451612903225807;-0.11290322580645161;0.2903225806451613;1.18677239607401;true;
0014.4F01.0000.0369;1430;143;-1.1559139784946237;-0.11827956989247312;0.2956989247311828;1.1989850025836002;true;
0014.4F01.0000.0369;1440;144;-1.1559139784946237;-0.10752688172043011;0.3010752688172043;1.199310415807826;true;
0014.4F01.0000.0369;1450;145;-1.1666666666666667;-0.10215053763440861;0.2956989247311828;1.2078839751968264;true;
0014.4F01.0000.0369;1460;146;-1.1666666666666667;-0.0967741935483871;0.3118279569892473;1.211492067827165;true;
0014.4F01.0000.0369;1470;147;-1.1612903225806452;-0.0913978494623656;0.3225806451612903;1.2087212469541844;true;
0014.4F01.0000.0369;1484;148;-1.1505376344086022;-0.0967741935483871;0.3387096774193548;1.2032565554797559;true;
0014.4F01.0000.0369;1491;149;-1.1344086021505377;-0.0967741935483871;0.3333333333333333;1.1863217237668662;true;
0014.4F01.0000.0369;1501;150;-1.1236559139784945;-0.0967741935483871;0.3279569892473118;1.1745312445192542;true;
0014.4F01.0000.0369;1510;151;-1.118279569892473;-0.0967741935483871;0.3225806451612903;1.167892423816727;true;
0014.4F01.0000.0369;1520;152;-1.10752688172043;-0.10215053763440861;0.3064516129032258;1.1536737481295858;true;
0014.4F01.0000.0369;1530;153;-1.1290322580645162;-0.10752688172043011;0.2849462365591398;1.1693888265978931;true;
0014.4F01.0000.0369;1540;154;-1.1451612903225807;-0.11290322580645161;0.27956989247311825;1.1841878415303086;true;
0014.4F01.0000.0369;1550;155;-1.1559139784946237;-0.11827956989247312;0.27956989247311825;1.19510941219231;true;
0014.4F01.0000.0369;1562;156;-1.1505376344086022;-0.11827956989247312;0.27956989247311825;1.189910177123434;true;
0014.4F01.0000.0369;1571;157;-1.1451612903225807;-0.11290322580645161;0.27419354838709675;1.1829300998908971;true;
0014.4F01.0000.0369;1581;158;-1.1397849462365592;-0.11290322580645161;0.27956989247311825;1.1789894769854434;true;
0014.4F01.0000.0369;1591;159;-1.1397849462365592;-0.11827956989247312;0.2849462365591398;1.1808023281018047;true;
0014.4F01.0000.0369;1600;160;-1.1397849462365592;-0.11290322580645161;0.2849462365591398;1.180275908334232;true;
0014.4F01.0000.0369;1610;161;-1.1451612903225807;-0.11290322580645161;0.2903225806451613;1.18677239607401;true;
0014.4F01.0000.0369;1620;162;-1.1397849462365592;-0.10215053763440861;0.2903225806451613;1.1806064783995305;true;
0014.4F01.0000.0369;1630;163;-1.1344086021505377;-0.10215053763440861;0.26344086021505375;1.1690674470718032;true;
0014.4F01.0000.0369;1642;164;-1.1397849462365592;-0.10752688172043011;0.26881720430107525;1.1759823311973023;true;
0014.4F01.0000.0369;1651;165;-1.1344086021505377;-0.11290322580645161;0.2956989247311828;1.177738455310778;true;
0014.4F01.0000.0369;1661;166;-1.1344086021505377;-0.10752688172043011;0.3118279569892473;1.1813896824019348;true;
0014.4F01.0000.0369;1670;167;-1.1397849462365592;-0.11290322580645161;0.3118279569892473;1.1870524574866381;true;
0014.4F01.0000.0369;1680;168;-1.1451612903225807;-0.10752688172043011;0.3118279569892473;1.191718543073777;true;
0014.4F01.0000.0369;1690;169;-1.1451612903225807;-0.10752688172043011;0.3010752688172043;1.1889502633159847;true;
0014.4F01.0000.0369;1700;170;-1.1397849462365592;-0.11290322580645161;0.3172043010752688;1.1884760959672807;true;
0014.4F01.0000.0369;1710;171;-1.1344086021505377;-0.10215053763440861;0.3279569892473118;1.1852735531379655;true;
0014.4F01.0000.0369;1724;172;-1.1451612903225807;-0.0967741935483871;0.3010752688172043;1.1880260699511482;true;
0014.4F01.0000.0369;1731;173;-1.1397849462365592;-0.0967741935483871;0.2849462365591398;1.1788423668725325;true;
0014.4F01.0000.0369;1741;174;-1.1451612903225807;-0.08602150537634409;0.25806451612903225;1.17702649703624;true;
0014.4F01.0000.0369;1751;175;-1.1612903225806452;-0.11290322580645161;0.25268817204301075;1.193814752801874;true;
0014.4F01.0000.0369;1760;176;-1.1612903225806452;-0.11827956989247312;0.27419354838709675;1.1990693774550805;true;
0014.4F01.0000.0369;1770;177;-1.1505376344086022;-0.11290322580645161;0.2903225806451613;1.191961067913089;true;
0014.4F01.0000.0369;1780;178;-1.1344086021505377;-0.10752688172043011;0.3010752688172043;1.178597142546599;true;
0014.4F01.0000.0369;1790;179;-1.1236559139784945;-0.11290322580645161;0.3118279569892473;1.1715743365985944;true;
0014.4F01.0000.0369;1804;180;-1.1236559139784945;-0.10215053763440861;0.3225806451612903;1.1734971742575775;true;
0014.4F01.0000.0369;1811;181;-1.1290322580645162;-0.0967741935483871;0.3172043010752688;1.1767317676122502;true;
0014.4F01.0000.0369;1821;182;-1.1505376344086022;-0.0967741935483871;0.3225806451612903;1.1988162350252676;true;
0014.4F01.0000.0369;1830;183;-1.1612903225806452;-0.0913978494623656;0.3225806451612903;1.2087212469541844;true;
0014.4F01.0000.0369;1840;184;-1.1612903225806452;-0.08602150537634409;0.3172043010752688;1.206902432397632;true;
0014.4F01.0000.0369;1850;185;-1.1612903225806452;-0.08602150537634409;0.27419354838709675;1.196318107646866;true;
0014.4F01.0000.0369;1860;186;-1.1559139784946237;-0.10215053763440861;0.27956989247311825;1.1936210381841044;true;
0014.4F01.0000.0369;1870;187;-1.1505376344086022;-0.10752688172043011;0.3010752688172043;1.194129472032415;true;
0014.4F01.0000.0369;1884;188;-1.1397849462365592;-0.11827956989247312;0.3064516129032258;1.18617552300341;true;
0014.4F01.0000.0369;1891;189;-1.1129032258064515;-0.11290322580645161;0.3118279569892473;1.161265431832015;true;
0014.4F01.0000.0369;1901;190;-1.10752688172043;-0.10752688172043011;0.3225806451612903;1.1585491343307686;true;
0014.4F01.0000.0369;1910;191;-1.1290322580645162;-0.11290322580645161;0.3279569892473118;1.1811082782471405;true;
0014.4F01.0000.0369;1920;192;-1.1344086021505377;-0.10215053763440861;0.3225806451612903;1.1837972299362802;true;
0014.4F01.0000.0369;1930;193;-1.1451612903225807;-0.08602150537634409;0.3172043010752688;1.1913910562284493;true;
0014.4F01.0000.0369;1940;194;-1.1666666666666667;-0.0913978494623656;0.3225806451612903;1.213887536236422;true;
0014.4F01.0000.0369;1950;195;-1.1720430107526882;-0.0967741935483871;0.3279569892473118;1.2209037023399218;true;
0014.4F01.0000.0369;1961;196;-1.1397849462365592;-0.07526881720430108;0.3010752688172043;1.181279575716165;true;
0014.4F01.0000.0369;1971;197;-1.1290322580645162;-0.10215053763440861;0.26881720430107525;1.1650799377800243;true;
0014.4F01.0000.0369;1981;198;-1.1290322580645162;-0.12365591397849462;0.27419354838709675;1.1684120535107572;true;
0014.4F01.0000.0369;1990;199;-1.1236559139784945;-0.12365591397849462;0.2956989247311828;1.168473898796152;true;
0014.4F01.0000.0369;2000;200;-1.1236559139784945;-0.11290322580645161;0.2956989247311828;1.1673849431543677;true;
0014.4F01.0000.0369;2010;201;-1.1344086021505377;-0.10752688172043011;0.3010752688172043;1.178597142546599;true;
0014.4F01.0000.0369;2020;202;-1.1505376344086022;-0.10215053763440861;0.3010752688172043;1.1936573620695736;true;
0014.4F01.0000.0369;2030;203;-1.1612903225806452;-0.0967741935483871;0.3010752688172043;1.2035808138009476;true;
0014.4F01.0000.0369;2042;204;-1.1505376344086022;-0.0913978494623656;0.3064516129032258;1.1941536777684338;true;
0014.4F01.0000.0369;2051;205;-1.1505376344086022;-0.0913978494623656;0.3225806451612903;1.1983942121478899;true;
0014.4F01.0000.0369;2060;206;-1.1451612903225807;-0.0913978494623656;0.3333333333333333;1.1961852109312898;true;
0014.4F01.0000.0369;2071;207;-1.1397849462365592;-0.08602150537634409;0.34408602150537637;1.1936936848497135;true;
0014.4F01.0000.0369;2080;208;-1.1397849462365592;-0.0913978494623656;0.3279569892473118;1.1895457441183095;true;
0014.4F01.0000.0369;2090;209;-1.1612903225806452;-0.0967741935483871;0.3279569892473118;1.210585083607328;true;
0014.4F01.0000.0369;2100;210;-1.1505376344086022;-0.0967741935483871;0.3118279569892473;1.1959677117245144;true;
0014.4F01.0000.0369;2110;211;-1.1505376344086022;-0.10215053763440861;0.3172043010752688;1.19782726181624;true;
0014.4F01.0000.0369;2123;212;-1.1290322580645162;-0.10752688172043011;0.2956989247311828;1.1720553417522388;true;
0014.4F01.0000.0369;2131;213;-1.1236559139784945;-0.10215053763440861;0.2903225806451613;1.1650427229034612;true;
0014.4F01.0000.0369;2141;214;-1.118279569892473;-0.11290322580645161;0.27956989247311825;1.1582122688064687;true;
0014.4F01.0000.0369;2150;215;-1.1290322580645162;-0.11290322580645161;0.27956989247311825;1.168597579547893;true;
0014.4F01.0000.0369;2160;216;-1.1344086021505377;-0.11290322580645161;0.27956989247311825;1.1737927158608843;true;
0014.4F01.0000.0369;2170;217;-1.1397849462365592;-0.10215053763440861;0.27956989247311825;1.1780083958885463;true;
0014.4F01.0000.0369;2180;218;-1.1451612903225807;-0.10752688172043011;0.27956989247311825;1.1836873472007836;true;
0014.4F01.0000.0369;2190;219;-1.1344086021505377;-0.10752688172043011;0.2903225806451613;1.1758962997467604;true;
0014.4F01.0000.0369;2204;220;-1.1344086021505377;-0.10215053763440861;0.3118279569892473;1.1809124792854988;true;
0014.4F01.0000.0369;2211;221;-1.1290322580645162;-0.10215053763440861;0.3225806451612903;1.1786461914934157;true;
0014.4F01.0000.0369;2221;222;-1.1344086021505377;-0.10215053763440861;0.3279569892473118;1.1852735531379655;true;
0014.4F01.0000.0369;2230;223;-1.1397849462365592;-0.10215053763440861;0.3279569892473118;1.1904201958983376;true;
0014.4F01.0000.0369;2240;224;-1.1397849462365592;-0.10215053763440861;0.3387096774193548;1.193427292122984;true;
0014.4F01.0000.0369;2250;225;-1.1397849462365592;-0.0967741935483871;0.3333333333333333;1.1914638388618968;true;
0014.4F01.0000.0369;2260;226;-1.1397849462365592;-0.0913978494623656;0.3333333333333333;1.1910392108007748;true;
0014.4F01.0000.0369;2270;227;-1.1505376344086022;-0.0967741935483871;0.3225806451612903;1.1988162350252676;true;
0014.4F01.0000.0369;2284;228;-1.1612903225806452;-0.10215053763440861;0.3064516129032258;1.2053806605008421;true;
0014.4F01.0000.0369;2291;229;-1.1559139784946237;-0.10215053763440861;0.3064516129032258;1.2002018368046505;true;
0014.4F01.0000.0369;2300;230;-1.1505376344086022;-0.10215053763440861;0.3118279569892473;1.196414750531616;true;
0014.4F01.0000.0369;2310;231;-1.1397849462365592;-0.10752688172043011;0.3172043010752688;1.1879774082787289;true;
0014.4F01.0000.0369;2320;232;-1.1236559139784945;-0.10752688172043011;0.3118279569892473;1.171068451488406;true;
0014.4F01.0000.0369;2330;233;-1.1021505376344085;-0.10215053763440861;0.2849462365591398;1.1429632092399264;true;
0014.4F01.0000.0369;2340;234;-1.10752688172043;-0.11290322580645161;0.27419354838709675;1.146536102400613;true;
0014.4F01.0000.0369;2350;235;-1.1236559139784945;-0.11290322580645161;0.2903225806451613;1.1660347131405715;true;
0014.4F01.0000.0369;2361;236;-1.1505376344086022;-0.0967741935483871;0.3118279569892473;1.1959677117245144;true;
0014.4F01.0000.0369;2371;237;-1.1612903225806452;-0.0967741935483871;0.3225806451612903;1.2091396654187943;true;
0014.4F01.0000.0369;2381;238;-1.1666666666666667;-0.0967741935483871;0.3225806451612903;1.2143041745298937;true;
0014.4F01.0000.0369;2391;239;-1.1559139784946237;-0.0967741935483871;0.3225806451612903;1.2039770109303933;true;
0014.4F01.0000.0369;2400;240;-1.1344086021505377;-0.0967741935483871;0.3225806451612903;1.183345424549718;true;
0014.4F01.0000.0369;2410;241;-1.1236559139784945;-0.10215053763440861;0.3333333333333333;1.176498387788507;true;
0014.4F01.0000.0369;2420;242;-1.1290322580645162;-0.10215053763440861;0.3333333333333333;1.1816343271927954;true;
0014.4F01.0000.0369;2430;243;-1.1397849462365592;-0.10215053763440861;0.3279569892473118;1.1904201958983376;true;
0014.4F01.0000.0369;2441;244;-1.1451612903225807;-0.10752688172043011;0.3010752688172043;1.1889502633159847;true;
0014.4F01.0000.0369;2451;245;-1.1559139784946237;-0.10215053763440861;0.2903225806451613;1.19618521093129;true;
0014.4F01.0000.0369;2461;246;-1.1397849462365592;-0.10215053763440861;0.2849462365591398;1.1792958974471557;true;
0014.4F01.0000.0369;2470;247;-1.1344086021505377;-0.10215053763440861;0.2956989247311828;1.1767563312170084;true;
0014.4F01.0000.0369;2480;248;-1.1344086021505377;-0.10752688172043011;0.2956989247311828;1.17723521906747;true;
0014.4F01.0000.0369;2490;249;-1.1290322580645162;-0.11290322580645161;0.3064516129032258;1.1753184969184955;true;
0014.4F01.0000.0369;2500;250;-1.1236559139784945;-0.10752688172043011;0.3118279569892473;1.171068451488406;true;
0014.4F01.0000.0369;2510;251;-1.1290322580645162;-0.10752688172043011;0.3225806451612903;1.1791243117989951;true;
0014.4F01.0000.0369;2523;252;-1.1397849462365592;-0.10215053763440861;0.3279569892473118;1.1904201958983376;true;
0014.4F01.0000.0369;2531;253;-1.1451612903225807;-0.0967741935483871;0.3279569892473118;1.1951215051978523;true;
0014.4F01.0000.0369;2541;254;-1.1451612903225807;-0.0913978494623656;0.3279569892473118;1.1946981771710312;true;
0014.4F01.0000.0369;2550;255;-1.1505376344086022;-0.0967741935483871;0.3333333333333333;1.2017542193970423;true;
0014.4F01.0000.0369;2560;256;-1.1559139784946237;-0.0967741935483871;0.3225806451612903;1.2039770109303933;true;
0014.4F01.0000.0369;2570;257;-1.1451612903225807;-0.0967741935483871;0.3172043010752688;1.192215665897269;true;
0014.4F01.0000.0369;2580;258;-1.1290322580645162;-0.10215053763440861;0.3118279569892473;1.1757488026144645;true;
0014.4F01.0000.0369;2590;259;-1.1344086021505377;-0.10215053763440861;0.2956989247311828;1.1767563312170084;true;
0014.4F01.0000.0369;2604;260;-1.1451612903225807;-0.11290322580645161;0.2903225806451613;1.18677239607401;true;
0014.4F01.0000.0369;2611;261;-1.1397849462365592;-0.10752688172043011;0.2956989247311828;1.1824168503734938;true;
0014.4F01.0000.0369;2621;262;-1.1344086021505377;-0.10752688172043011;0.3064516129032258;1.1799819905306372;true;
0014.4F01.0000.0369;2630;263;-1.1397849462365592;-0.10752688172043011;0.3064516129032258;1.1851516126686004;true;
0014.4F01.0000.0369;2640;264;-1.1451612903225807;-0.10215053763440861;0.3172043010752688;1.1926641110610006;true;
0014.4F01.0000.0369;2650;265;-1.1344086021505377;-0.10215053763440861;0.3172043010752688;1.1823435108261835;true;
0014.4F01.0000.0369;2660;266;-1.1344086021505377;-0.0967741935483871;0.3172043010752688;1.1818911497218039;true;
0014.4F01.0000.0369;2670;267;-1.1397849462365592;-0.0913978494623656;0.3172043010752688;1.186626250836577;true;
0014.4F01.0000.0369;2684;268;-1.1344086021505377;-0.10215053763440861;0.3172043010752688;1.1823435108261835;true;
0014.4F01.0000.0369;2691;269;-1.1290322580645162;-0.10752688172043011;0.3118279569892473;1.1762281006687725;true;
0014.4F01.0000.0369;2701;270;-1.1344086021505377;-0.10215053763440861;0.3118279569892473;1.1809124792854988;true;
0014.4F01.0000.0369;2710;271;-1.1344086021505377;-0.10752688172043011;0.3118279569892473;1.1813896824019348;true;
0014.4F01.0000.0369;2720;272;-1.1344086021505377;-0.10752688172043011;0.3118279569892473;1.1813896824019348;true;
0014.4F01.0000.0369;2730;273;-1.1344086021505377;-0.10752688172043011;0.3172043010752688;1.1828201365999425;true;
0014.4F01.0000.0369;2740;274;-1.1451612903225807;-0.10215053763440861;0.3118279569892473;1.1912454776209498;true;
0014.4F01.0000.0369;2750;275;-1.1505376344086022;-0.0967741935483871;0.3172043010752688;1.1973807503664542;true;
0014.4F01.0000.0369;2762;276;-1.1559139784946237;-0.0913978494623656;0.3225806451612903;1.2035567976619503;true;
0014.4F01.0000.0369;2771;277;-1.1451612903225807;-0.0967741935483871;0.3225806451612903;1.1936573620695736;true;
0014.4F01.0000.0369;2781;278;-1.1397849462365592;-0.0967741935483871;0.3118279569892473;1.1856271095772501;true;
0014.4F01.0000.0369;2790;279;-1.1290322580645162;-0.0967741935483871;0.3010752688172043;1.1724868450351813;true;
0014.4F01.0000.0369;2800;280;-1.1290322580645162;-0.10215053763440861;0.2956989247311828;1.1715743365985944;true;
0014.4F01.0000.0369;2810;281;-1.1344086021505377;-0.10215053763440861;0.3010752688172043;1.178118808297995;true;
0014.4F01.0000.0369;2820;282;-1.1397849462365592;-0.0967741935483871;0.3172043010752688;1.1870524574866381;true;
0014.4F01.0000.0369;2830;283;-1.1559139784946237;-0.10752688172043011;0.3225806451612903;1.2048889694094072;true;
0014.4F01.0000.0369;2843;284;-1.1451612903225807;-0.10215053763440861;0.3387096774193548;1.1985630391305249;true;
0014.4F01.0000.0369;2851;285;-1.1451612903225807;-0.0967741935483871;0.3333333333333333;1.1966080128853098;true;
0014.4F01.0000.0369;2861;286;-1.1397849462365592;-0.10215053763440861;0.3279569892473118;1.1904201958983376;true;
0014.4F01.0000.0369;2870;287;-1.1344086021505377;-0.10215053763440861;0.3172043010752688;1.1823435108261835;true;
0014.4F01.0000.0369;2880;288;-1.1344086021505377;-0.10215053763440861;0.3118279569892473;1.1809124792854988;true;
0014.4F01.0000.0369;2890;289;-1.1236559139784945;-0.10215053763440861;0.3064516129032258;1.1691663424888836;true;
0014.4F01.0000.0369;2900;290;-1.1290322580645162;-0.10752688172043011;0.3010752688172043;1.1734232772261388;true;
0014.4F01.0000.0369;2910;291;-1.1344086021505377;-0.10752688172043011;0.3064516129032258;1.1799819905306372;true;
0014.4F01.0000.0369;2923;292;-1.1344086021505377;-0.10752688172043011;0.2903225806451613;1.1758962997467604;true;
0014.4F01.0000.0369;2931;293;-1.1397849462365592;-0.0967741935483871;0.2903225806451613;1.1801534514786132;true;
0014.4F01.0000.0369;2941;294;-1.1451612903225807;-0.10215053763440861;0.3010752688172043;1.1884760959672807;true;
0014.4F01.0000.0369;2950;295;-1.1451612903225807;-0.0967741935483871;0.3225806451612903;1.1936573620695736;true;
0014.4F01.0000.0369;2960;296;-1.1397849462365592;-0.0967741935483871;0.3387096774193548;1.1929791338418039;true;
0014.4F01.0000.0369;2970;297;-1.1397849462365592;-0.10215053763440861;0.3548387096774194;1.1981047391159134;true;
0014.4F01.0000.0369;2980;298;-1.1397849462365592;-0.0967741935483871;0.34408602150537637;1.194516704947995;true;
0014.4F01.0000.0369;2990;299;-1.1397849462365592;-0.0913978494623656;0.3387096774193548;1.1925550453255167;true;
0014.4F01.0000.0369;3004;300;-1.1344086021505377;-0.0967741935483871;0.3279569892473118;1.1848223107142435;true;
0014.4F01.0000.0369;3011;301;-1.1397849462365592;-0.0967741935483871;0.3333333333333333;1.1914638388618968;true;
0014.4F01.0000.0369;3021;302;-1.1344086021505377;-0.0967741935483871;0.3225806451612903;1.183345424549718;true;
0014.4F01.0000.0369;3030;303;-1.1290322580645162;-0.0967741935483871;0.3118279569892473;1.1752939032630472;true;
0014.4F01.0000.0369;3040;304;-1.1290322580645162;-0.10215053763440861;0.3064516129032258;1.1743343489569944;true;
0014.4F01.0000.0369;3050;305;-1.1344086021505377;-0.10752688172043011;0.3064516129032258;1.1799819905306372;true;
0014.4F01.0000.0369;3060;306;-1.1397849462365592;-0.10752688172043011;0.3118279569892473;1.186553171467711;true;
0014.4F01.0000.0369;3070;307;-1.1451612903225807;-0.10752688172043011;0.3118279569892473;1.191718543073777;true;
0014.4F01.0000.0369;3081;308;-1.1344086021505377;-0.0967741935483871;0.3064516129032258;1.179050767448572;true;
0014.4F01.0000.0369;3091;309;-1.1397849462365592;-0.10215053763440861;0.3064516129032258;1.1846759249083538;true;
0014.4F01.0000.0369;3101;310;-1.1397849462365592;-0.10752688172043011;0.3064516129032258;1.1851516126686004;true;
0014.4F01.0000.0369;3110;311;-1.1236559139784945;-0.10215053763440861;0.3172043010752688;1.1720306796234023;true;
0014.4F01.0000.0369;3120;312;-1.1290322580645162;-0.10215053763440861;0.3279569892473118;1.1801289585826715;true;
0014.4F01.0000.0369;3130;313;-1.1344086021505377;-0.0913978494623656;0.3333333333333333;1.1858952544936645;true;
0014.4F01.0000.0369;3140;314;-1.1344086021505377;-0.0913978494623656;0.3387096774193548;1.1874176557121785;true;
0014.4F01.0000.0369;3150;315;-1.1451612903225807;-0.0967741935483871;0.3333333333333333;1.1966080128853098;true;
0014.4F01.0000.0369;3162;316;-1.1505376344086022;-0.0967741935483871;0.3387096774193548;1.2032565554797559;true;
0014.4F01.0000.0369;3172;317;-1.1397849462365592;-0.0967741935483871;0.3387096774193548;1.1929791338418039;true;
0014.4F01.0000.0369;3181;318;-1.1290322580645162;-0.0967741935483871;0.3279569892473118;1.1796757482814346;true;
0014.4F01.0000.0369;3191;319;-1.1236559139784945;-0.10752688172043011;0.3118279569892473;1.171068451488406;true;
0014.4F01.0000.0369;3200;320;-1.1236559139784945;-0.10752688172043011;0.3010752688172043;1.1682512404464707;true;
0014.4F01.0000.0369;3210;321;-1.1290322580645162;-0.10215053763440861;0.2956989247311828;1.1715743365985944;true;
0014.4F01.0000.0369;3220;322;-1.1344086021505377;-0.10215053763440861;0.2956989247311828;1.1767563312170084;true;
0014.4F01.0000.0369;3230;323;-1.1505376344086022;-0.10215053763440861;0.3064516129032258;1.195024757727023;true;
0014.4F01.0000.0369;3243;324;-1.1559139784946237;-0.0967741935483871;0.3118279569892473;1.201140726549682;true;
0014.4F01.0000.0369;3251;325;-1.1397849462365592;-0.08602150537634409;0.3064516129032258;1.1833942766912797;true;
0014.4F01.0000.0369;3261;326;-1.1344086021505377;-0.0967741935483871;0.3064516129032258;1.179050767448572;true;
0014.4F01.0000.0369;3270;327;-1.1344086021505377;-0.10752688172043011;0.3172043010752688;1.1828201365999425;true;
0014.4F01.0000.0369;3280;328;-1.1290322580645162;-0.10215053763440861;0.3387096774193548;1.1831622110542506;true;
0014.4F01.0000.0369;3290;329;-1.1236559139784945;-0.0913978494623656;0.34946236559139787;1.180288153321013;true;
0014.4F01.0000.0369;3300;330;-1.1397849462365592;-0.0967741935483871;0.34408602150537637;1.194516704947995;true;
0014.4F01.0000.0369;3310;331;-1.1505376344086022;-0.0967741935483871;0.34408602150537637;1.20478101035951;true;
0014.4F01.0000.0369;3322;332;-1.1451612903225807;-0.0913978494623656;0.34408602150537637;1.1992260578952667;true;
0014.4F01.0000.0369;3331;333;-1.1451612903225807;-0.0967741935483871;0.34408602150537637;1.199647788138509;true;
0014.4F01.0000.0369;3341;334;-1.1344086021505377;-0.0967741935483871;0.3333333333333333;1.1863217237668662;true;
0014.4F01.0000.0369;3351;335;-1.1290322580645162;-0.10215053763440861;0.3118279569892473;1.1757488026144645;true;
0014.4F01.0000.0369;3360;336;-1.1290322580645162;-0.10752688172043011;0.2956989247311828;1.1720553417522388;true;
0014.4F01.0000.0369;3370;337;-1.1236559139784945;-0.11290322580645161;0.2849462365591398;1.1647077355051636;true;
0014.4F01.0000.0369;3380;338;-1.1236559139784945;-0.10215053763440861;0.2849462365591398;1.1637146141073687;true;
0014.4F01.0000.0369;3390;339;-1.1236559139784945;-0.10752688172043011;0.27419354838709675;1.161613853777783;true;
0014.4F01.0000.0369;3402;340;-1.1290322580645162;-0.11290322580645161;0.27956989247311825;1.168597579547893;true;
0014.4F01.0000.0369;3411;341;-1.118279569892473;-0.11290322580645161;0.3064516129032258;1.164993101218795;true;
0014.4F01.0000.0369;3421;342;-1.1236559139784945;-0.10215053763440861;0.3225806451612903;1.1734971742575775;true;
0014.4F01.0000.0369;3430;343;-1.1451612903225807;-0.0967741935483871;0.3387096774193548;1.1981168018885897;true;
0014.4F01.0000.0369;3440;344;-1.1505376344086022;-0.0967741935483871;0.3548387096774194;1.2078959403081952;true;
0014.4F01.0000.0369;3450;345;-1.1559139784946237;-0.0913978494623656;0.3548387096774194;1.2126010071128717;true;
0014.4F01.0000.0369;3460;346;-1.1505376344086022;-0.0913978494623656;0.3548387096774194;1.2074770908644286;true;
0014.4F01.0000.0369;3470;347;-1.1397849462365592;-0.0913978494623656;0.3548387096774194;1.197235900079578;true;
0014.4F01.0000.0369;3483;348;-1.1236559139784945;-0.10215053763440861;0.3279569892473118;1.1749864391362166;true;
0014.4F01.0000.0369;3491;349;-1.1236559139784945;-0.10215053763440861;0.3387096774193548;1.1780329328738515;true;
0014.4F01.0000.0369;3501;350;-1.1236559139784945;-0.10215053763440861;0.3225806451612903;1.1734971742575775;true;
0014.4F01.0000.0369;3510;351;-1.1290322580645162;-0.0967741935483871;0.3064516129032258;1.1738789014792752;true;
0014.4F01.0000.0369;3520;352;-1.1451612903225807;-0.10752688172043011;0.2903225806451613;1.1862729921810846;true;
0014.4F01.0000.0369;3530;353;-1.1559139784946237;-0.10752688172043011;0.2956989247311828;1.197972040599849;true;
0014.4F01.0000.0369;3540;354;-1.1505376344086022;-0.10215053763440861;0.3010752688172043;1.1936573620695736;true;
0014.4F01.0000.0369;3550;355;-1.1344086021505377;-0.10215053763440861;0.3118279569892473;1.1809124792854988;true;
0014.4F01.0000.0369;3562;356;-1.1236559139784945;-0.0967741935483871;0.3279569892473118;1.1745312445192542;true;
0014.4F01.0000.0369;3571;357;-1.1236559139784945;-0.0967741935483871;0.3279569892473118;1.1745312445192542;true;
0014.4F01.0000.0369;3581;358;-1.1236559139784945;-0.0967741935483871;0.3279569892473118;1.1745312445192542;true;
0014.4F01.0000.0369;3590;359;-1.1397849462365592;-0.0967741935483871;0.3333333333333333;1.1914638388618968;true;
0014.4F01.0000.0369;3600;360;-1.1451612903225807;-0.0967741935483871;0.3387096774193548;1.1981168018885897;true;
0014.4F01.0000.0369;3610;361;-1.1505376344086022;-0.10215053763440861;0.3387096774193548;1.2037008873084147;true;
0014.4F01.0000.0369;3620;362;-1.1451612903225807;-0.0967741935483871;0.3279569892473118;1.1951215051978523;true;
0014.4F01.0000.0369;3630;363;-1.1344086021505377;-0.0967741935483871;0.3279569892473118;1.1848223107142435;true;
0014.4F01.0000.0369;3642;364;-1.1290322580645162;-0.0967741935483871;0.3279569892473118;1.1796757482814346;true;
0014.4F01.0000.0369;3651;365;-1.1290322580645162;-0.0967741935483871;0.3225806451612903;1.1781924108225597;true;
0014.4F01.0000.0369;3660;366;-1.1397849462365592;-0.0967741935483871;0.3118279569892473;1.1856271095772501;true;
0014.4F01.0000.0369;3670;367;-1.1451612903225807;-0.10215053763440861;0.3279569892473118;1.1955688604126649;true;
0014.4F01.0000.0369;3681;368;-1.1397849462365592;-0.10215053763440861;0.3279569892473118;1.1904201958983376;true;
0014.4F01.0000.0369;3687;369;0.0;0.0;0.0;0.0;true;
0014.4F01.0000.0369;3688;370;0.0;0.0;0.0;0.0;true;
