0014.4F01.0000.0369;0;0;-0.24193548387096775;0.1881720430107527;1.0;1.0459165818203284;true;
0014.4F01.0000.0369;11;1;-0.25806451612903225;0.23655913978494625;1.086021505376344;1.1410522473754676;true;
0014.4F01.0000.0369;20;2;-0.24193548387096775;0.26881720430107525;1.1290322580645162;1.1855417780215027;true;
0014.4F01.0000.0369;30;3;-0.24193548387096775;0.34946236559139787;1.1290322580645162;1.2063874017374665;true;
0014.4F01.0000.0369;40;4;-0.25806451612903225;0.45161290322580644;1.096774193548387;1.2138637240146308;true;
0014.4F01.0000.0369;50;5;-0.26881720430107525;0.5376344086021505;1.0483870967741935;1.208482085644571;true;
0014.4F01.0000.0369;60;6;-0.3064516129032258;0.6720430107526881;0.9838709677419355;1.230266833056138;true;
0014.4F01.0000.0369;70;7;-0.43548387096774194;0.8279569892473119;0.946236559139785;1.3306098615932553;true;
0014.4F01.0000.0369;80;8;-0.521505376344086;0.8440860215053764;0.956989247311828;1.3785055272747442;true;
0014.4F01.0000.0369;91;9;-0.5483870967741935;0.8225806451612904;1.043010752688172;1.437093857730086;true;
0014.4F01.0000.0369;100;10;-0.478494623655914;0.7741935483870968;1.1505376344086022;1.4669933890179467;true;
0014.4F01.0000.0369;110;11;-0.41397849462365593;0.7526881720430108;1.2043010752688172;1.4792764306369335;true;
0014.4F01.0000.0369;120;12;-0.3333333333333333;0.7096774193548387;1.2258064516129032;1.455113262763099;true;
0014.4F01.0000.0369;130;13;-0.23118279569892472;0.6344086021505376;1.1344086021505377;1.3201525048807456;true;
0014.4F01.0000.0369;140;14;-0.20967741935483872;0.553763440860215;1.032258064516129;1.1900316299910831;true;
0014.4F01.0000.0369;150;15;-0.14516129032258066;0.3602150537634409;0.9032258064516129;0.9831803204936933;true;
0014.4F01.0000.0369;160;16;-0.11290322580645161;0.22043010752688172;0.7741935483870968;0.8128420640358244;true;
0014.4F01.0000.0369;172;17;-0.04838709677419355;-0.005376344086021506;0.6666666666666666;0.6684419650608502;true;
0014.4F01.0000.0369;180;18;-0.026881720430107527;-0.10215053763440861;0.6612903225806451;0.6696732411938637;true;
0014.4F01.0000.0369;190;19;-0.026881720430107527;-0.24193548387096775;0.7419354838709677;0.7808480437806121;true;
0014.4F01.0000.0369;200;20;0.021505376344086023;-0.34946236559139787;0.8763440860215054;0.9436977181710806;true;
0014.4F01.0000.0369;210;21;0.17204301075268819;-0.41397849462365593;0.8817204301075269;0.9891450391265784;true;
0014.4F01.0000.0369;220;22;0.1881720430107527;-0.3870967741935484;0.8870967741935484;0.9859986395256796;true;
0014.4F01.0000.0369;230;23;0.05913978494623656;-0.3709677419354839;0.9354838709677419;1.0080896054225486;true;
0014.4F01.0000.0369;240;24;-0.07526881720430108;-0.3817204301075269;0.9838709677419355;1.0580065986421174;true;
0014.4F01.0000.0369;251;25;-0.1881720430107527;-0.34946236559139787;1.0806451612903225;1.1512283124366616;true;
0014.4F01.0000.0369;260;26;-0.22043010752688172;-0.3279569892473118;1.1505376344086022;1.216504035049213;true;
0014.4F01.0000.0369;270;27;-0.1881720430107527;-0.3010752688172043;1.1774193548387097;1.2297850919624111;true;
0014.4F01.0000.0369;280;28;-0.16129032258064516;-0.2849462365591398;1.2204301075268817;1.2635895588542436;true;
0014.4F01.0000.0369;290;29;-0.12365591397849462;-0.2903225806451613;1.2419354838709677;1.281398350237793;true;
0014.4F01.0000.0369;300;30;-0.0967741935483871;-0.26881720430107525;1.2150537634408602;1.2481921254025699;true;
0014.4F01.0000.0369;310;31;-0.17204301075268819;-0.22580645161290322;1.1989247311827957;1.2320746171318517;true;
0014.4F01.0000.0369;320;32;-0.24731182795698925;-0.1881720430107527;1.1774193548387097;1.217738968402946;true;
0014.4F01.0000.0369;332;33;-0.3010752688172043;-0.14516129032258066;1.1021505376344085;1.1517178149656642;true;
0014.4F01.0000.0369;340;34;-0.3225806451612903;-0.12365591397849462;1.0483870967741935;1.103840822934699;true;
0014.4F01.0000.0369;350;35;-0.3225806451612903;-0.10752688172043011;0.9731182795698925;1.0308149634916353;true;
0014.4F01.0000.0369;360;36;-0.24193548387096775;-0.0967741935483871;0.9032258064516129;0.9400611045740518;true;
0014.4F01.0000.0369;370;37;-0.20430107526881722;-0.0967741935483871;0.8817204301075269;0.9102390294653037;true;
0014.4F01.0000.0369;380;38;-0.23655913978494625;-0.08064516129032258;0.8978494623655914;0.9319857969548234;true;
0014.4F01.0000.0369;390;39;-0.27956989247311825;-0.0913978494623656;0.9516129032258065;0.9960321326391154;true;
0014.4F01.0000.0369;400;40;-0.34408602150537637;-0.06451612903225806;1.010752688172043;1.0696628056297537;true;
0014.4F01.0000.0369;412;41;-0.3709677419354839;-0.03225806451612903;1.086021505376344;1.148085518775905;true;
0014.4F01.0000.0369;420;42;-0.3709677419354839;0.0;1.0913978494623655;1.1527212721936677;true;
0014.4F01.0000.0369;430;43;-0.3333333333333333;0.021505376344086023;1.0698924731182795;1.120822687296238;true;
0014.4F01.0000.0369;440;44;-0.2956989247311828;0.043010752688172046;1.0483870967741935;1.0901391120479087;true;
0014.4F01.0000.0369;450;45;-0.25268817204301075;0.04838709677419355;1.0268817204301075;1.058621127305785;true;
0014.4F01.0000.0369;460;46;-0.23655913978494625;0.03763440860215054;1.0268817204301075;1.0544489760439453;true;
0014.4F01.0000.0369;470;47;-0.25806451612903225;0.03763440860215054;1.0268817204301075;1.0594808686093595;true;
0014.4F01.0000.0369;480;48;-0.26881720430107525;0.04838709677419355;1.0053763440860215;1.0418184072621561;true;
0014.4F01.0000.0369;493;49;-0.27419354838709675;0.0913978494623656;1.0053763440860215;1.0460962011742643;true;
0014.4F01.0000.0369;500;50;-0.26344086021505375;0.10215053763440861;1.0053763440860215;1.0443262959523814;true;
0014.4F01.0000.0369;510;51;-0.22580645161290322;0.11827956989247312;0.978494623655914;1.011152974958531;true;
0014.4F01.0000.0369;520;52;-0.1989247311827957;0.10215053763440861;0.946236559139785;0.9723010885871959;true;
0014.4F01.0000.0369;525;53;0.0;0.0;0.0;0.0;true;
0014.4F01.0000.0369;526;54;0.0;0.0;0.0;0.0;true;
0014.4F01.0000.0369;527;55;0.0;0.0;0.0;0.0;true;
