0014.4F01.0000.0369;0;0;-0.3064516129032258;0.20430107526881722;0.8548387096774194;0.9308064997462893;true;
0014.4F01.0000.0369;8;1;-0.3225806451612903;0.20967741935483872;0.8064516129032258;0.8935250957719058;true;
0014.4F01.0000.0369;18;2;-0.34408602150537637;0.23118279569892472;0.7688172043010753;0.8734532436552573;true;
0014.4F01.0000.0369;28;3;-0.3548387096774194;0.23655913978494625;0.7311827956989247;0.8464626496351892;true;
0014.4F01.0000.0369;38;4;-0.3225806451612903;0.1989247311827957;0.6774193548387096;0.7762256782784988;true;
0014.4F01.0000.0369;48;5;-0.2956989247311828;0.13440860215053763;0.5913978494623656;0.674725827850061;true;
0014.4F01.0000.0369;58;6;-0.2849462365591398;0.06451612903225806;0.543010752688172;0.6166176823360642;true;
0014.4F01.0000.0369;68;7;-0.25806451612903225;0.03225806451612903;0.45698924731182794;0.525810849421985;true;
0014.4F01.0000.0369;82;8;-0.24193548387096775;-0.06451612903225806;0.3279569892473118;0.41261470654515897;true;
0014.4F01.0000.0369;88;9;-0.24731182795698925;-0.08064516129032258;0.26881720430107525;0.37407147928599904;true;
0014.4F01.0000.0369;98;10;-0.23118279569892472;-0.06989247311827956;0.16129032258064516;0.2904221255068711;true;
0014.4F01.0000.0369;108;11;-0.24731182795698925;0.010752688172043012;0.10752688172043011;0.26989033114002436;true;
0014.4F01.0000.0369;118;12;-0.3225806451612903;0.10215053763440861;0.06451612903225806;0.34446383827185695;true;
0014.4F01.0000.0369;128;13;-0.3118279569892473;0.12903225806451613;0.026881720430107527;0.3385389568049713;true;
0014.4F01.0000.0369;138;14;-0.40860215053763443;0.12903225806451613;0.06451612903225806;0.43332132644322335;true;
0014.4F01.0000.0369;148;15;-0.42473118279569894;0.043010752688172046;0.1881720430107527;0.466535336557347;true;
0014.4F01.0000.0369;159;16;-0.3333333333333333;0.1827956989247312;0.43548387096774194;0.57807575673915;true;
0014.4F01.0000.0369;168;17;-0.25268817204301075;0.3924731182795699;0.6881720430107527;0.8315450809451769;true;
0014.4F01.0000.0369;178;18;-0.10215053763440861;0.6397849462365591;0.967741935483871;1.1645960516264788;true;
0014.4F01.0000.0369;188;19;-0.043010752688172046;0.6021505376344086;1.1989247311827957;1.3423321890880624;true;
0014.4F01.0000.0369;198;20;-0.07526881720430108;0.478494623655914;1.2795698924731183;1.3681818627048878;true;
0014.4F01.0000.0369;208;21;-0.13440860215053763;0.3763440860215054;1.2688172043010753;1.3302622453282738;true;
0014.4F01.0000.0369;218;22;-0.1935483870967742;0.27956989247311825;1.2150537634408602;1.261735293544962;true;
0014.4F01.0000.0369;228;23;-0.34408602150537637;0.23655913978494625;1.1451612903225807;1.218913367579694;true;
0014.4F01.0000.0369;240;24;-0.34408602150537637;0.3548387096774194;1.1397849462365592;1.2423427158994456;true;
0014.4F01.0000.0369;248;25;-0.3010752688172043;0.4838709677419355;1.2956989247311828;1.415490421891442;true;
0014.4F01.0000.0369;258;26;-0.1827956989247312;0.6021505376344086;1.5161290322580645;1.6415379313237217;true;
0014.4F01.0000.0369;268;27;-0.07526881720430108;0.5752688172043011;1.7634408602150538;1.856427556994072;true;
0014.4F01.0000.0369;278;28;-0.043010752688172046;0.45161290322580644;1.8870967741935485;1.9408602150537635;true;
0014.4F01.0000.0369;288;29;-0.04838709677419355;0.3709677419354839;1.8602150537634408;1.8974610464879293;true;
0014.4F01.0000.0369;298;30;-0.13440860215053763;0.2903225806451613;1.7634408602150538;1.7922266990089553;true;
0014.4F01.0000.0369;308;31;-0.20967741935483872;0.20967741935483872;1.6021505376344085;1.6293604836305666;true;
0014.4F01.0000.0369;320;32;-0.26344086021505375;0.26344086021505375;1.4086021505376345;1.4570388437378545;true;
0014.4F01.0000.0369;328;33;-0.27956989247311825;0.3387096774193548;1.3172043010752688;1.3884922546151064;true;
0014.4F01.0000.0369;338;34;-0.25268817204301075;0.46774193548387094;1.2580645161290323;1.3657818849448882;true;
0014.4F01.0000.0369;348;35;-0.22580645161290322;0.543010752688172;1.3010752688172043;1.427811642427931;true;
0014.4F01.0000.0369;358;36;-0.15591397849462366;0.46774193548387094;1.424731182795699;1.507630800338946;true;
0014.4F01.0000.0369;368;37;-0.12903225806451613;0.3817204301075269;1.5;1.5531773274107188;true;
0014.4F01.0000.0369;378;38;-0.12903225806451613;0.3172043010752688;1.5;1.5385928286073212;true;
0014.4F01.0000.0369;388;39;-0.15053763440860216;0.26881720430107525;1.413978494623656;1.4471556419265221;true;
0014.4F01.0000.0369;401;40;-0.1989247311827957;0.27956989247311825;1.2688172043010753;1.314392434314796;true;
0014.4F01.0000.0369;408;41;-0.23118279569892472;0.3064516129032258;1.1827956989247312;1.243528745736504;true;
0014.4F01.0000.0369;418;42;-0.26344086021505375;0.3817204301075269;1.0913978494623655;1.1858586928480979;true;
0014.4F01.0000.0369;428;43;-0.2903225806451613;0.45698924731182794;1.0053763440860215;1.1418878956530154;true;
0014.4F01.0000.0369;438;44;-0.2956989247311828;0.5;0.9516129032258065;1.114901328222828;true;
0014.4F01.0000.0369;448;45;-0.3010752688172043;0.44623655913978494;0.9354838709677419;1.0793069336602343;true;
0014.4F01.0000.0369;458;46;-0.27419354838709675;0.3763440860215054;0.9623655913978495;1.0690951803123059;true;
0014.4F01.0000.0369;468;47;-0.24731182795698925;0.3548387096774194;1.032258064516129;1.1192097041625166;true;
0014.4F01.0000.0369;481;48;-0.20967741935483872;0.34408602150537637;1.0698924731182795;1.143254002581164;true;
0014.4F01.0000.0369;488;49;-0.1989247311827957;0.3709677419354839;1.0698924731182795;1.149720843625968;true;
0014.4F01.0000.0369;498;50;-0.22580645161290322;0.4032258064516129;1.0591397849462365;1.1555763447884022;true;
0014.4F01.0000.0369;508;51;-0.23655913978494625;0.42473118279569894;1.0268817204301075;1.1361526622810532;true;
0014.4F01.0000.0369;518;52;-0.25268817204301075;0.46236559139784944;0.9946236559139785;1.1255707304753484;true;
0014.4F01.0000.0369;528;53;-0.25806451612903225;0.46236559139784944;0.967741935483871;1.1031335768109243;true;
0014.4F01.0000.0369;538;54;-0.26344086021505375;0.4731182795698925;0.967741935483871;1.1089483518126944;true;
0014.4F01.0000.0369;548;55;-0.26344086021505375;0.44623655913978494;0.989247311827957;1.1167535079428232;true;
0014.4F01.0000.0369;560;56;-0.25268817204301075;0.40860215053763443;1.0;1.10941742807404;true;
0014.4F01.0000.0369;568;57;-0.23118279569892472;0.42473118279569894;1.0161290322580645;1.1253267404909184;true;
0014.4F01.0000.0369;578;58;-0.22580645161290322;0.44086021505376344;1.0161290322580645;1.1304266862583223;true;
0014.4F01.0000.0369;588;59;-0.20430107526881722;0.44086021505376344;1.0161290322580645;1.1263280466946368;true;
0014.4F01.0000.0369;598;60;-0.1935483870967742;0.44623655913978494;1.032258064516129;1.141115575487103;true;
0014.4F01.0000.0369;608;61;-0.1989247311827957;0.41935483870967744;1.0268817204301075;1.1269053186398867;true;
0014.4F01.0000.0369;618;62;-0.20430107526881722;0.3978494623655914;1.0;1.0954556696008217;true;
0014.4F01.0000.0369;628;63;-0.23118279569892472;0.3870967741935484;0.9516129032258065;1.053022561583592;true;
0014.4F01.0000.0369;640;64;-0.25806451612903225;0.3817204301075269;0.8763440860215054;0.9900943078067131;true;
0014.4F01.0000.0369;648;65;-0.27419354838709675;0.40860215053763443;0.8655913978494624;0.9956838290502026;true;
0014.4F01.0000.0369;658;66;-0.27419354838709675;0.41397849462365593;0.8655913978494624;0.9979021815884369;true;
0014.4F01.0000.0369;668;67;-0.25806451612903225;0.3978494623655914;0.8924731182795699;1.0106382913986391;true;
0014.4F01.0000.0369;678;68;-0.24193548387096775;0.41935483870967744;0.9408602150537635;1.0581158742671395;true;
0014.4F01.0000.0369;684;69;0.0;0.0;0.0;0.0;true;
0014.4F01.0000.0369;685;70;0.0;0.0;0.0;0.0;true;
