0014.4F01.0000.0369;0;0;-0.3333333333333333;0.26881720430107525;0.9838709677419355;1.0730218458189982;true;
0014.4F01.0000.0369;9;1;-0.2956989247311828;0.4032258064516129;1.053763440860215;1.1663817104058565;true;
0014.4F01.0000.0369;18;2;-0.43010752688172044;0.43548387096774194;1.5591397849462365;1.674979270186815;true;
0014.4F01.0000.0369;29;3;-0.46236559139784944;0.4731182795698925;1.6827956989247312;1.8081549189412485;true;
0014.4F01.0000.0369;39;4;-0.03763440860215054;0.1989247311827957;1.5913978494623655;1.6042239596329506;true;
0014.4F01.0000.0369;49;5;0.021505376344086023;-0.1774193548387097;1.7258064516129032;1.735035451255047;true;
0014.4F01.0000.0369;59;6;0.08064516129032258;-0.3602150537634409;1.8709677419354838;1.90703403702202;true;
0014.4F01.0000.0369;69;7;0.08064516129032258;-0.41397849462365593;2.0161290322580645;2.059771373420907;true;
0014.4F01.0000.0369;82;8;-0.005376344086021506;-0.41397849462365593;2.0268817204301075;2.068733092426452;true;
0014.4F01.0000.0369;90;9;-0.03225806451612903;-0.3870967741935484;1.8709677419354838;1.9108649315638562;true;
0014.4F01.0000.0369;99;10;-0.005376344086021506;-0.3064516129032258;1.6989247311827957;1.726350699699008;true;
0014.4F01.0000.0369;109;11;-0.03763440860215054;-0.1827956989247312;1.5161290322580645;1.5275725379542504;true;
0014.4F01.0000.0369;119;12;-0.10215053763440861;-0.08064516129032258;1.381720430107527;1.3878363453069926;true;
0014.4F01.0000.0369;129;13;-0.20430107526881722;-0.016129032258064516;1.1989247311827957;1.216313934015111;true;
0014.4F01.0000.0369;139;14;-0.24193548387096775;0.12365591397849462;1.0698924731182795;1.1038539158117275;true;
0014.4F01.0000.0369;149;15;-0.3279569892473118;0.17204301075268819;1.021505376344086;1.0865669874632138;true;
0014.4F01.0000.0369;161;16;-0.3978494623655914;0.06989247311827956;1.0;1.0785032000430872;true;
0014.4F01.0000.0369;169;17;-0.3870967741935484;0.05913978494623656;0.978494623655914;1.053941722904102;true;
0014.4F01.0000.0369;179;18;-0.3548387096774194;0.053763440860215055;1.0053763440860215;1.067512346863698;true;
0014.4F01.0000.0369;189;19;-0.34408602150537637;-0.026881720430107527;0.967741935483871;1.0274445341636451;true;
0014.4F01.0000.0369;199;20;-0.3225806451612903;-0.06451612903225806;0.9408602150537635;0.996713874594407;true;
0014.4F01.0000.0369;209;21;-0.3064516129032258;-0.03763440860215054;0.8924731182795699;0.9443713287756471;true;
0014.4F01.0000.0369;219;22;-0.3064516129032258;0.06989247311827956;0.7795698924731183;0.8405514654678362;true;
0014.4F01.0000.0369;229;23;-0.3225806451612903;0.1774193548387097;0.6344086021505376;0.7334917685882081;true;
0014.4F01.0000.0369;242;24;-0.3279569892473118;0.1881720430107527;0.489247311827957;0.6183263189432293;true;
0014.4F01.0000.0369;250;25;-0.3225806451612903;0.15591397849462366;0.46236559139784944;0.5849353651741185;true;
0014.4F01.0000.0369;259;26;-0.3387096774193548;0.07526881720430108;0.44086021505376344;0.561023501858976;true;
0014.4F01.0000.0369;269;27;-0.3333333333333333;0.021505376344086023;0.43010752688172044;0.5445788069720688;true;
0014.4F01.0000.0369;279;28;-0.3279569892473118;-0.016129032258064516;0.43010752688172044;0.5411177479606938;true;
0014.4F01.0000.0369;289;29;-0.3279569892473118;-0.026881720430107527;0.46236559139784944;0.567503615669651;true;
0014.4F01.0000.0369;299;30;-0.34408602150537637;-0.026881720430107527;0.489247311827957;0.5987326191377609;true;
0014.4F01.0000.0369;309;31;-0.3655913978494624;-0.05913978494623656;0.5483870967741935;0.661727279363213;true;
0014.4F01.0000.0369;323;32;-0.3548387096774194;-0.0967741935483871;0.5806451612903226;0.6873314758923393;true;
0014.4F01.0000.0369;330;33;-0.3387096774193548;-0.10752688172043011;0.5913978494623656;0.6899548479565555;true;
0014.4F01.0000.0369;339;34;-0.3279569892473118;-0.13440860215053763;0.6075268817204301;0.7033565035891631;true;
0014.4F01.0000.0369;349;35;-0.3279569892473118;-0.13978494623655913;0.6344086021505376;0.7277155299106364;true;
0014.4F01.0000.0369;359;36;-0.3279569892473118;-0.13440860215053763;0.6612903225806451;0.7502841794060678;true;
0014.4F01.0000.0369;369;37;-0.34946236559139787;-0.10752688172043011;0.6666666666666666;0.7603488802528084;true;
0014.4F01.0000.0369;379;38;-0.3602150537634409;-0.11290322580645161;0.7096774193548387;0.8038308670967076;true;
0014.4F01.0000.0369;389;39;-0.3870967741935484;-0.11290322580645161;0.7634408602150538;0.8633846176730593;true;
0014.4F01.0000.0369;402;40;-0.4032258064516129;-0.16129032258064516;0.8494623655913979;0.9540397946117635;true;
0014.4F01.0000.0369;410;41;-0.40860215053763443;-0.20967741935483872;0.8548387096774194;0.9703965978785374;true;
0014.4F01.0000.0369;419;42;-0.3924731182795699;-0.23118279569892472;0.8333333333333334;0.9496973612913244;true;
0014.4F01.0000.0369;429;43;-0.3817204301075269;-0.23118279569892472;0.7956989247311828;0.9123008005077089;true;
0014.4F01.0000.0369;439;44;-0.3763440860215054;-0.22043010752688172;0.7580645161290323;0.8745776775116197;true;
0014.4F01.0000.0369;449;45;-0.3655913978494624;-0.20967741935483872;0.7204301075268817;0.8346503640447437;true;
0014.4F01.0000.0369;459;46;-0.3548387096774194;-0.1935483870967742;0.7096774193548387;0.8167089613659461;true;
0014.4F01.0000.0369;469;47;-0.3763440860215054;-0.1774193548387097;0.7258064516129032;0.8366047476303609;true;
0014.4F01.0000.0369;482;48;-0.3817204301075269;-0.15591397849462366;0.7311827956989247;0.8394331040515336;true;
0014.4F01.0000.0369;490;49;-0.3978494623655914;-0.14516129032258066;0.7688172043010753;0.8777447741468063;true;
0014.4F01.0000.0369;499;50;-0.3978494623655914;-0.15053763440860216;0.8118279569892473;0.9165208158177658;true;
0014.4F01.0000.0369;509;51;-0.40860215053763443;-0.1827956989247312;0.9139784946236559;1.0177065753958185;true;
0014.4F01.0000.0369;519;52;-0.3924731182795699;-0.25806451612903225;0.956989247311828;1.0660491839157609;true;
0014.4F01.0000.0369;529;53;-0.3655913978494624;-0.2956989247311828;0.9623655913978495;1.071094046186064;true;
0014.4F01.0000.0369;539;54;-0.3548387096774194;-0.2903225806451613;0.9301075268817204;1.036965632159539;true;
0014.4F01.0000.0369;549;55;-0.34946236559139787;-0.26344086021505375;0.9032258064516129;1.0036642313222832;true;
0014.4F01.0000.0369;562;56;-0.3548387096774194;-0.20430107526881722;0.8763440860215054;0.9672788617283015;true;
0014.4F01.0000.0369;570;57;-0.3655913978494624;-0.12903225806451613;0.8817204301075269;0.9631912118949976;true;
0014.4F01.0000.0369;579;58;-0.3763440860215054;-0.0967741935483871;0.8548387096774194;0.9390150878357909;true;
0014.4F01.0000.0369;589;59;-0.34946236559139787;-0.0967741935483871;0.9032258064516129;0.9732964846036603;true;
0014.4F01.0000.0369;599;60;-0.3602150537634409;-0.10752688172043011;0.9731182795698925;1.0432047264479707;true;
0014.4F01.0000.0369;609;61;-0.34946236559139787;-0.1827956989247312;1.0591397849462365;1.1301837446035388;true;
0014.4F01.0000.0369;619;62;-0.34946236559139787;-0.24193548387096775;1.118279569892473;1.1963301884344093;true;
0014.4F01.0000.0369;629;63;-0.34946236559139787;-0.26344086021505375;1.1344086021505377;1.2158979843838547;true;
0014.4F01.0000.0369;640;64;-0.34408602150537637;-0.25806451612903225;1.1129032258064515;1.1931245009179534;true;
0014.4F01.0000.0369;667;65;-0.3548387096774194;-0.12365591397849462;0.9247311827956989;0.998162840112837;true;
0014.4F01.0000.0369;670;66;-0.3602150537634409;-0.12365591397849462;0.9139784946236559;0.9901526946154212;true;
0014.4F01.0000.0369;679;67;-0.3602150537634409;-0.04838709677419355;0.8602150537634409;0.933844813024773;true;
0014.4F01.0000.0369;690;68;-0.3602150537634409;-0.07526881720430108;0.8172043010752689;0.8962383329768102;true;
0014.4F01.0000.0369;700;69;-0.3387096774193548;-0.0967741935483871;0.8279569892473119;0.8997790096228837;true;
0014.4F01.0000.0369;707;70;0.0;0.0;0.0;0.0;true;
